# REFDATA
# This data is reference data for 2QC
EXPOCODE,DATE,TIME,LATITUDE,LONGITUDE,CTDPRS,DEPTH,CTDTMP,THETA,SALNTY,OXYGEN,NITRAT,SILCAT,PHSPHT,TCARBN,ALKALI,CFC_11,CFC_12

09AR20080322,20080323,2248,-50.20120,145.38600,2206.00000,2176.00000,2.08630,1.93041,34.74140,178.55000,-9999.00000,-9999.00000,-9999.00000,-9999.00000,-9999.00000,-9999.00000,-9999.00000
09AR20080322,20080323,2248,-50.20120,145.38600,2206.10000,2176.00000,2.08700,1.93109,34.74150,181.44900,-9999.00000,-9999.00000,-9999.00000,-9999.00000,-9999.00000,-9999.00000,-9999.00000
09AR20080322,20080323,2248,-50.20120,145.38600,2204.20000,2174.00000,2.08830,1.93253,34.74130,-9999.00000,-9999.00000,-9999.00000,-9999.00000,-9999.00000,-9999.00000,-9999.00000,-9999.00000
09AR20080322,20080323,2248,-50.20120,145.38600,2205.60000,2175.00000,2.08920,1.93329,34.74290,188.93000,-9999.00000,-9999.00000,-9999.00000,-9999.00000,-9999.00000,-9999.00000,-9999.00000
09AR20080322,20080323,2248,-50.20120,145.38600,2204.40000,2174.00000,2.09040,1.93458,34.74250,188.85000,-9999.00000,-9999.00000,-9999.00000,-9999.00000,-9999.00000,-9999.00000,-9999.00000
09AR20080322,20080323,2248,-50.20120,145.38600,2205.00000,2175.00000,2.09120,1.93531,34.74250,189.54000,-9999.00000,-9999.00000,-9999.00000,-9999.00000,-9999.00000,-9999.00000,-9999.00000
09AR20080322,20080323,2248,-50.20120,145.38600,2204.60000,2174.00000,2.09310,1.93721,34.74290,188.72000,-9999.00000,-9999.00000,-9999.00000,-9999.00000,-9999.00000,-9999.00000,-9999.00000
09AR20080322,20080323,2248,-50.20120,145.38600,2205.10000,2175.00000,2.09220,1.93629,34.74240,188.72000,-9999.00000,-9999.00000,-9999.00000,-9999.00000,-9999.00000,-9999.00000,-9999.00000
09AR20080322,20080323,2248,-50.20120,145.38600,2204.40000,2174.00000,2.09320,1.93733,34.74250,188.72000,-9999.00000,-9999.00000,-9999.00000,-9999.00000,-9999.00000,-9999.00000,-9999.00000
09AR20080322,20080323,2248,-50.20120,145.38600,2205.60000,2175.00000,2.09280,1.93683,34.74200,188.76000,-9999.00000,-9999.00000,-9999.00000,-9999.00000,-9999.00000,-9999.00000,-9999.00000
09AR20080322,20080323,2248,-50.20120,145.38600,2205.10000,2175.00000,2.09320,1.93727,34.74270,188.88000,-9999.00000,-9999.00000,-9999.00000,-9999.00000,-9999.00000,-9999.00000,-9999.00000
09AR20080322,20080323,2248,-50.20120,145.38600,2205.60000,2175.00000,2.09210,1.93614,34.74290,189.41000,-9999.00000,-9999.00000,-9999.00000,-9999.00000,-9999.00000,-9999.00000,-9999.00000
09AR20080322,20080323,2248,-50.20120,145.38600,2205.20000,2175.00000,2.09150,1.93559,34.74290,188.72000,-9999.00000,-9999.00000,-9999.00000,-9999.00000,-9999.00000,-9999.00000,-9999.00000
09AR20080322,20080323,2248,-50.20120,145.38600,2205.50000,2175.00000,2.09250,1.93655,34.74250,189.37000,-9999.00000,-9999.00000,-9999.00000,-9999.00000,-9999.00000,-9999.00000,-9999.00000
09AR20080322,20080323,2248,-50.20120,145.38600,2205.90000,2175.00000,2.09190,1.93592,34.74250,189.59000,-9999.00000,-9999.00000,-9999.00000,-9999.00000,-9999.00000,-9999.00000,-9999.00000
09AR20080322,20080323,2248,-50.20120,145.38600,2206.60000,2176.00000,2.09030,1.93429,34.74250,192.37000,-9999.00000,-9999.00000,-9999.00000,-9999.00000,-9999.00000,-9999.00000,-9999.00000
09AR20080322,20080323,2248,-50.20120,145.38600,2206.30000,2176.00000,2.09110,1.93510,34.74210,189.50000,-9999.00000,-9999.00000,-9999.00000,-9999.00000,-9999.00000,-9999.00000,-9999.00000
09AR20080322,20080323,2248,-50.20120,145.38600,2206.60000,2176.00000,2.09040,1.93439,34.74150,-9999.00000,-9999.00000,-9999.00000,-9999.00000,-9999.00000,-9999.00000,-9999.00000,-9999.00000
09AR20080322,20080323,2248,-50.20120,145.38600,2206.20000,2176.00000,2.09010,1.93413,34.74180,186.22800,-9999.00000,-9999.00000,-9999.00000,-9999.00000,-9999.00000,-9999.00000,-9999.00000
09AR20080322,20080323,2248,-50.20120,145.38600,2206.30000,2176.00000,2.08830,1.93235,34.74200,189.50000,-9999.00000,-9999.00000,-9999.00000,-9999.00000,-9999.00000,-9999.00000,-9999.00000
09AR20080322,20080323,2248,-50.20120,145.38600,2205.20000,2175.00000,2.08820,1.93235,34.74120,188.72000,-9999.00000,-9999.00000,-9999.00000,-9999.00000,-9999.00000,-9999.00000,-9999.00000
09AR20080322,20080323,2248,-50.20120,145.38600,2206.00000,2176.00000,2.08670,1.93080,34.74120,178.55000,-9999.00000,-9999.00000,-9999.00000,-9999.00000,-9999.00000,-9999.00000,-9999.00000
09AR20080322,20080323,2248,-50.20120,145.38600,2205.00000,2175.00000,2.08620,1.93040,34.74020,190.28000,-9999.00000,-9999.00000,-9999.00000,-9999.00000,-9999.00000,-9999.00000,-9999.00000
09AR20080322,20080323,2248,-50.20120,145.38600,2204.40000,2174.00000,2.08580,1.93006,34.74120,201.84000,-9999.00000,-9999.00000,-9999.00000,-9999.00000,-9999.00000,-9999.00000,-9999.00000
09AR20080322,20080325,0000,-54.40120,143.81300,8.00000,8.00000,4.52490,4.52433,33.70620,316.67000,-9999.00000,-9999.00000,-9999.00000,-9999.00000,-9999.00000,-9999.00000,-9999.00000
09AR20080322,20080325,0000,-54.40120,143.81300,28.60000,28.00000,4.48400,4.48198,33.71370,316.47000,-9999.00000,-9999.00000,-9999.00000,-9999.00000,-9999.00000,-9999.00000,-9999.00000
09AR20080322,20080325,0000,-54.40120,143.81300,28.50000,28.00000,4.48330,4.48128,33.71380,316.47000,-9999.00000,-9999.00000,-9999.00000,-9999.00000,-9999.00000,-9999.00000,-9999.00000
09AR20080322,20080325,0000,-54.40120,143.81300,28.70000,28.00000,4.48310,4.48107,33.71360,316.62000,24.74000,1.74600,1.57140,2116.53000,2271.35000,-9999.00000,-9999.00000
09AR20080322,20080325,0000,-54.40120,143.81300,69.00000,68.00000,4.45680,4.45191,33.71470,316.09000,24.84000,1.94000,1.58110,2118.64000,2272.98000,-9999.00000,-9999.00000
09AR20080322,20080325,0000,-54.40120,143.81300,89.30000,88.00000,4.42940,4.42308,33.71670,315.88000,24.68000,2.13400,1.60050,2118.94000,2272.99000,-9999.00000,-9999.00000
09AR20080322,20080325,0000,-54.40120,143.81300,110.50000,109.00000,1.14800,1.14310,33.85030,328.72000,27.61000,15.52000,1.94000,2149.68000,2278.03000,-9999.00000,-9999.00000
09AR20080322,20080325,0000,-54.40120,143.81300,129.60000,128.00000,1.03300,1.02734,33.91390,314.17000,29.33000,21.72800,2.00790,2162.23000,2282.53000,-9999.00000,-9999.00000
09AR20080322,20080325,0000,-54.40120,143.81300,150.30000,149.00000,1.15040,1.14364,33.98250,297.81000,30.32000,27.35400,2.06610,2174.12000,2283.70000,-9999.00000,-9999.00000
09AR20080322,20080325,0000,-54.40120,143.81300,200.60000,199.00000,1.65500,1.64498,34.17450,247.74000,32.57000,43.45600,2.24070,2205.22000,2295.54000,-9999.00000,-9999.00000
09AR20080322,20080325,0000,-54.40120,143.81300,298.20000,295.00000,2.22920,2.21254,34.37540,194.38000,34.48000,59.65500,2.37650,2232.90000,2309.66000,-9999.00000,-9999.00000
09AR20080322,20080325,0000,-54.40120,143.81300,401.60000,398.00000,2.32970,2.30652,34.47990,179.81000,34.48000,67.02700,2.38620,2245.11000,2321.05000,-9999.00000,-9999.00000
09AR20080322,20080325,0000,-54.40120,143.81300,550.20000,545.00000,2.33620,2.30364,34.57990,172.96000,34.15000,72.75000,2.33770,2249.24000,2328.07000,-9999.00000,-9999.00000
09AR20080322,20080325,0000,-54.40120,143.81300,701.80000,694.00000,2.27850,2.23635,34.64030,174.26000,33.32000,75.85400,2.30860,2248.63000,2333.92000,-9999.00000,-9999.00000
09AR20080322,20080325,0000,-54.40120,143.81300,854.10000,845.00000,2.24660,2.19439,34.69010,181.08000,32.07000,76.72700,2.22130,2246.32000,2339.30000,-9999.00000,-9999.00000
09AR20080322,20080325,0000,-54.40120,143.81300,1001.10000,990.00000,2.15750,2.09577,34.71640,186.42000,31.23000,78.57000,2.18250,2245.09000,2340.90000,-9999.00000,-9999.00000
09AR20080322,20080325,0000,-54.40120,143.81300,1250.50000,1236.00000,1.96570,1.88791,34.74040,192.23000,30.51000,83.51700,2.14370,2244.42000,2345.38000,-9999.00000,-9999.00000
09AR20080322,20080325,0000,-54.40120,143.81300,1500.00000,1481.00000,1.75450,1.66064,34.74670,196.14000,30.47000,89.24000,2.13400,2243.80000,2347.19000,-9999.00000,-9999.00000
09AR20080322,20080325,0000,-54.40120,143.81300,1750.60000,1728.00000,1.50150,1.39188,34.74290,200.22000,30.77260,96.22400,2.16310,2247.54000,2351.67000,-9999.00000,-9999.00000
09AR20080322,20080325,0000,-54.40120,143.81300,2002.10000,1975.00000,1.26400,1.13828,34.73310,206.05000,31.12000,103.49900,2.19220,2247.88000,2356.46000,-9999.00000,-9999.00000
09AR20080322,20080325,0000,-54.40120,143.81300,2251.20000,2219.00000,1.06500,0.92261,34.72270,205.13000,31.53000,109.22200,2.22130,2254.65000,2357.85000,-9999.00000,-9999.00000
09AR20080322,20080325,0000,-54.40120,143.81300,2499.80000,2463.00000,0.84030,0.68152,34.71190,208.30000,31.60000,115.72100,2.26010,2255.68000,2357.23000,-9999.00000,-9999.00000
09AR20080322,20080325,0000,-54.40120,143.81300,2752.00000,2710.00000,0.68150,0.50450,34.70370,210.56000,31.85000,122.51100,2.28920,2257.74000,2357.99000,-9999.00000,-9999.00000
09AR20080322,20080325,0000,-54.40120,143.81300,2807.90000,2764.00000,0.66690,0.48536,34.70330,211.25000,31.79000,122.80200,2.27950,2259.04000,2357.03000,-9999.00000,-9999.00000
09AR20080322,20080325,2226,-57.50720,142.84100,298.40000,295.00000,2.08490,2.06862,34.30030,-9999.00000,-9999.00000,-9999.00000,-9999.00000,-9999.00000,-9999.00000,-9999.00000,-9999.00000
09AR20080322,20080325,2226,-57.50720,142.84100,298.70000,296.00000,2.08210,2.06581,34.29910,-9999.00000,-9999.00000,-9999.00000,-9999.00000,-9999.00000,-9999.00000,-9999.00000,-9999.00000
09AR20080322,20080325,2226,-57.50720,142.84100,298.80000,296.00000,2.08160,2.06531,34.29870,-9999.00000,-9999.00000,-9999.00000,-9999.00000,-9999.00000,-9999.00000,-9999.00000,-9999.00000
09AR20080322,20080325,2226,-57.50720,142.84100,299.60000,297.00000,2.08730,2.07095,34.30160,-9999.00000,-9999.00000,-9999.00000,-9999.00000,-9999.00000,-9999.00000,-9999.00000,-9999.00000
09AR20080322,20080325,2226,-57.50720,142.84100,300.00000,297.00000,2.08860,2.07222,34.30230,-9999.00000,-9999.00000,-9999.00000,-9999.00000,-9999.00000,-9999.00000,-9999.00000,-9999.00000
09AR20080322,20080325,2226,-57.50720,142.84100,300.30000,297.00000,2.08950,2.07310,34.30250,-9999.00000,-9999.00000,-9999.00000,-9999.00000,-9999.00000,-9999.00000,-9999.00000,-9999.00000
09AR20080322,20080325,2226,-57.50720,142.84100,300.30000,297.00000,2.08820,2.07181,34.30180,-9999.00000,-9999.00000,-9999.00000,-9999.00000,-9999.00000,-9999.00000,-9999.00000,-9999.00000
09AR20080322,20080325,2226,-57.50720,142.84100,299.80000,297.00000,2.08740,2.07104,34.30180,-9999.00000,-9999.00000,-9999.00000,-9999.00000,-9999.00000,-9999.00000,-9999.00000,-9999.00000
09AR20080322,20080325,2226,-57.50720,142.84100,300.50000,298.00000,2.08840,2.07199,34.30210,-9999.00000,-9999.00000,-9999.00000,-9999.00000,-9999.00000,-9999.00000,-9999.00000,-9999.00000
09AR20080322,20080325,2226,-57.50720,142.84100,299.90000,297.00000,2.08680,2.07043,34.30130,-9999.00000,-9999.00000,-9999.00000,-9999.00000,-9999.00000,-9999.00000,-9999.00000,-9999.00000
09AR20080322,20080325,2226,-57.50720,142.84100,300.40000,297.00000,2.08840,2.07200,34.30220,-9999.00000,-9999.00000,-9999.00000,-9999.00000,-9999.00000,-9999.00000,-9999.00000,-9999.00000
09AR20080322,20080325,2226,-57.50720,142.84100,300.20000,297.00000,2.08780,2.07141,34.30180,-9999.00000,-9999.00000,-9999.00000,-9999.00000,-9999.00000,-9999.00000,-9999.00000,-9999.00000
09AR20080322,20080325,2226,-57.50720,142.84100,300.20000,297.00000,2.08810,2.07171,34.30200,-9999.00000,-9999.00000,-9999.00000,-9999.00000,-9999.00000,-9999.00000,-9999.00000,-9999.00000
09AR20080322,20080325,2226,-57.50720,142.84100,300.20000,297.00000,2.08830,2.07191,34.30200,-9999.00000,-9999.00000,-9999.00000,-9999.00000,-9999.00000,-9999.00000,-9999.00000,-9999.00000
09AR20080322,20080325,2226,-57.50720,142.84100,299.90000,297.00000,2.08540,2.06904,34.30100,-9999.00000,-9999.00000,-9999.00000,-9999.00000,-9999.00000,-9999.00000,-9999.00000,-9999.00000
09AR20080322,20080325,2226,-57.50720,142.84100,299.90000,297.00000,2.08500,2.06864,34.30070,-9999.00000,-9999.00000,-9999.00000,-9999.00000,-9999.00000,-9999.00000,-9999.00000,-9999.00000
09AR20080322,20080325,2226,-57.50720,142.84100,299.80000,297.00000,2.08460,2.06824,34.30070,-9999.00000,-9999.00000,-9999.00000,-9999.00000,-9999.00000,-9999.00000,-9999.00000,-9999.00000
09AR20080322,20080325,2226,-57.50720,142.84100,299.60000,297.00000,2.08420,2.06786,34.30060,-9999.00000,-9999.00000,-9999.00000,-9999.00000,-9999.00000,-9999.00000,-9999.00000,-9999.00000
09AR20080322,20080325,2226,-57.50720,142.84100,299.60000,297.00000,2.08580,2.06945,34.30080,-9999.00000,-9999.00000,-9999.00000,-9999.00000,-9999.00000,-9999.00000,-9999.00000,-9999.00000
09AR20080322,20080325,2226,-57.50720,142.84100,299.70000,297.00000,2.08740,2.07104,34.30170,-9999.00000,-9999.00000,-9999.00000,-9999.00000,-9999.00000,-9999.00000,-9999.00000,-9999.00000
09AR20080322,20080325,2226,-57.50720,142.84100,299.80000,297.00000,2.08950,2.07313,34.30250,-9999.00000,-9999.00000,-9999.00000,-9999.00000,-9999.00000,-9999.00000,-9999.00000,-9999.00000
09AR20080322,20080325,2226,-57.50720,142.84100,299.60000,297.00000,2.09020,2.07384,34.30280,-9999.00000,-9999.00000,-9999.00000,-9999.00000,-9999.00000,-9999.00000,-9999.00000,-9999.00000
09AR20080322,20080325,2226,-57.50720,142.84100,299.60000,297.00000,2.09040,2.07404,34.30290,-9999.00000,-9999.00000,-9999.00000,-9999.00000,-9999.00000,-9999.00000,-9999.00000,-9999.00000
09AR20080322,20080325,2226,-57.50720,142.84100,299.80000,297.00000,2.08940,2.07303,34.30240,-9999.00000,-9999.00000,-9999.00000,-9999.00000,-9999.00000,-9999.00000,-9999.00000,-9999.00000
09AR20080322,20080328,2128,-65.80130,139.68200,5.70000,6.00000,-1.87200,-1.87210,34.08550,-9999.00000,-9999.00000,-9999.00000,-9999.00000,-9999.00000,-9999.00000,6.13700,3.19770
09AR20080322,20080328,2128,-65.80130,139.68200,5.70000,6.00000,-1.87120,-1.87130,34.08450,-9999.00000,-9999.00000,-9999.00000,-9999.00000,-9999.00000,-9999.00000,-9999.00000,-9999.00000
09AR20080322,20080328,2128,-65.80130,139.68200,5.70000,6.00000,-1.87230,-1.87240,34.08690,-9999.00000,-9999.00000,-9999.00000,-9999.00000,-9999.00000,-9999.00000,-9999.00000,-9999.00000
09AR20080322,20080328,2128,-65.80130,139.68200,5.60000,6.00000,-1.87180,-1.87190,34.09580,341.26000,27.64000,-9999.00000,1.91090,2181.27000,2304.70000,-9999.00000,-9999.00000
09AR20080322,20080328,2128,-65.80130,139.68200,5.60000,6.00000,-1.87120,-1.87130,34.08690,-9999.00000,-9999.00000,-9999.00000,-9999.00000,2182.69000,2306.42000,-9999.00000,-9999.00000
09AR20080322,20080328,2128,-65.80130,139.68200,5.60000,6.00000,-1.87410,-1.87420,34.08630,-9999.00000,-9999.00000,-9999.00000,-9999.00000,-9999.00000,-9999.00000,-9999.00000,-9999.00000
09AR20080322,20080328,2128,-65.80130,139.68200,5.60000,6.00000,-1.87500,-1.87510,34.08990,-9999.00000,-9999.00000,-9999.00000,-9999.00000,2185.36000,2307.10000,-9999.00000,-9999.00000
09AR20080322,20080328,2128,-65.80130,139.68200,38.50000,38.00000,-1.86960,-1.87030,34.09420,340.13000,27.51000,53.05900,1.91090,-9999.00000,-9999.00000,6.27620,3.21600
09AR20080322,20080328,2128,-65.80130,139.68200,79.20000,78.00000,-1.86170,-1.86318,34.11580,339.34000,-9999.00000,-9999.00000,-9999.00000,2203.18000,2315.85000,-9999.00000,-9999.00000
09AR20080322,20080328,2128,-65.80130,139.68200,79.00000,78.00000,-1.86320,-1.86468,34.12030,338.21000,27.58000,54.12600,1.92060,-9999.00000,-9999.00000,6.03910,3.16410
09AR20080322,20080328,2128,-65.80130,139.68200,119.00000,118.00000,-1.68960,-1.69208,34.22380,329.00000,28.69200,-9999.00000,1.99886,2219.90000,2324.39000,-9999.00000,-9999.00000
09AR20080322,20080328,2128,-65.80130,139.68200,118.50000,117.00000,-1.69620,-1.69867,34.24670,316.58000,28.68000,65.76600,1.99820,-9999.00000,-9999.00000,5.48220,2.79240
09AR20080322,20080328,2128,-65.80130,139.68200,182.00000,180.00000,-1.61730,-1.62138,34.38580,297.76000,30.03310,-9999.00000,2.06627,2223.41000,2325.32000,-9999.00000,-9999.00000
09AR20080322,20080328,2128,-65.80130,139.68200,181.60000,180.00000,-1.62050,-1.62456,34.38390,298.11000,30.03000,-9999.00000,2.06610,-9999.00000,-9999.00000,4.82230,2.48190
09AR20080322,20080328,2128,-65.80130,139.68200,181.10000,179.00000,-1.61460,-1.61866,34.38690,297.76000,30.02600,-9999.00000,2.06588,2230.27000,2331.52000,-9999.00000,-9999.00000
09AR20080322,20080328,2128,-65.80130,139.68200,180.60000,179.00000,-1.61480,-1.61885,34.38700,298.11000,30.02180,-9999.00000,2.06566,-9999.00000,-9999.00000,-9999.00000,-9999.00000
09AR20080322,20080328,2128,-65.80130,139.68200,229.60000,227.00000,-1.57280,-1.57816,34.41450,292.91000,30.28060,75.27910,2.08554,2228.98000,2328.06000,-9999.00000,-9999.00000
09AR20080322,20080328,2128,-65.80130,139.68200,229.50000,227.00000,-1.57460,-1.57995,34.41520,292.81000,30.28000,75.27200,2.08550,-9999.00000,-9999.00000,4.53540,2.34780
09AR20080322,20080328,2128,-65.80130,139.68200,281.40000,278.00000,-1.41270,-1.41982,34.46680,284.41000,30.61370,78.70220,2.10514,-9999.00000,-9999.00000,-9999.00000,-9999.00000
09AR20080322,20080328,2128,-65.80130,139.68200,280.70000,278.00000,-1.39030,-1.39746,34.46750,284.63000,30.61000,78.66700,2.10490,-9999.00000,-9999.00000,4.32110,2.22610
09AR20080322,20080328,2128,-65.80130,139.68200,324.70000,321.00000,-1.37550,-1.38396,34.47020,283.53000,-9999.00000,-9999.00000,-9999.00000,-9999.00000,-9999.00000,-9999.00000,-9999.00000
09AR20080322,20080328,2128,-65.80130,139.68200,324.20000,321.00000,-1.37540,-1.38385,34.47030,283.89000,30.59000,78.66700,2.10490,-9999.00000,-9999.00000,4.33060,2.21380
09AR20080322,20080328,2128,-65.80130,139.68200,325.20000,322.00000,-1.37530,-1.38378,34.47020,283.49000,-9999.00000,-9999.00000,-9999.00000,-9999.00000,-9999.00000,-9999.00000,-9999.00000
09AR20080322,20080328,2128,-65.80130,139.68200,324.40000,321.00000,-1.37560,-1.38405,34.47010,283.53000,-9999.00000,-9999.00000,-9999.00000,-9999.00000,-9999.00000,-9999.00000,-9999.00000
09AR20080322,20080329,0246,-65.57420,139.65800,1.20000,1.00000,-1.86900,-1.86902,34.02520,-9999.00000,-9999.00000,-9999.00000,-9999.00000,-9999.00000,-9999.00000,-9999.00000,-9999.00000
09AR20080322,20080329,0246,-65.57420,139.65800,1.60000,2.00000,-1.86540,-1.86543,34.02510,-9999.00000,-9999.00000,-9999.00000,-9999.00000,-9999.00000,-9999.00000,-9999.00000,-9999.00000
09AR20080322,20080329,0246,-65.57420,139.65800,1.90000,2.00000,-1.86700,-1.86703,34.02510,-9999.00000,-9999.00000,-9999.00000,-9999.00000,-9999.00000,-9999.00000,-9999.00000,-9999.00000
09AR20080322,20080329,0246,-65.57420,139.65800,1.90000,2.00000,-1.86310,-1.86313,34.02340,338.19000,28.01000,51.50700,1.94970,2180.62000,2306.58000,6.12490,3.17540
09AR20080322,20080329,0246,-65.57420,139.65800,40.60000,40.00000,-1.86110,-1.86184,34.02780,-9999.00000,-9999.00000,-9999.00000,-9999.00000,-9999.00000,-9999.00000,-9999.00000,-9999.00000
09AR20080322,20080329,0246,-65.57420,139.65800,40.60000,40.00000,-1.86100,-1.86174,34.02810,336.84000,-9999.00000,51.79800,1.94000,2180.57000,2300.86000,6.10040,3.16150
09AR20080322,20080329,0246,-65.57420,139.65800,85.10000,84.00000,-1.82850,-1.83012,34.06800,334.87000,-9999.00000,53.55160,1.93028,2185.10000,2306.67000,-9999.00000,-9999.00000
09AR20080322,20080329,0246,-65.57420,139.65800,85.00000,84.00000,-1.84040,-1.84201,34.07120,-9999.00000,-9999.00000,53.54400,1.93030,-9999.00000,-9999.00000,5.91570,3.10370
09AR20080322,20080329,0246,-65.57420,139.65800,110.20000,109.00000,-1.74880,-1.75103,34.21720,324.49000,27.31180,65.19300,1.94013,-9999.00000,-9999.00000,-9999.00000,-9999.00000
09AR20080322,20080329,0246,-65.57420,139.65800,110.10000,109.00000,-1.72830,-1.73055,34.24770,324.31000,27.31000,65.18400,1.94000,-9999.00000,-9999.00000,-9999.00000,-9999.00000
09AR20080322,20080329,0246,-65.57420,139.65800,141.60000,140.00000,-1.70000,-1.70299,34.28680,318.44000,28.01070,67.68170,1.97981,-9999.00000,-9999.00000,-9999.00000,-9999.00000
09AR20080322,20080329,0246,-65.57420,139.65800,140.80000,139.00000,-1.69630,-1.69928,34.28670,317.82000,27.99000,67.60900,1.97880,2204.89000,2321.27000,5.32070,2.78350
09AR20080322,20080329,0246,-65.57420,139.65800,179.10000,177.00000,-1.68740,-1.69129,34.34950,310.39000,29.01000,71.10100,2.02730,-9999.00000,-9999.00000,-9999.00000,-9999.00000
09AR20080322,20080329,0246,-65.57420,139.65800,179.10000,177.00000,-1.68730,-1.69119,34.34660,308.55000,29.01000,71.10100,2.02730,-9999.00000,-9999.00000,-9999.00000,-9999.00000
09AR20080322,20080329,0246,-65.57420,139.65800,220.20000,218.00000,-1.68100,-1.68590,34.39430,307.33000,29.86000,74.30200,2.05640,-9999.00000,-9999.00000,-9999.00000,-9999.00000
09AR20080322,20080329,0246,-65.57420,139.65800,220.20000,218.00000,-1.68120,-1.68610,34.39480,300.98000,29.86000,74.30200,2.05640,2218.86000,2327.17000,4.85790,2.51260
09AR20080322,20080329,0246,-65.57420,139.65800,260.70000,258.00000,-1.66070,-1.66667,34.42490,288.07000,30.28000,75.75700,2.08550,-9999.00000,-9999.00000,-9999.00000,-9999.00000
09AR20080322,20080329,0246,-65.57420,139.65800,260.70000,258.00000,-1.65670,-1.66268,34.42740,297.67000,30.28000,75.75700,2.08550,2222.44000,2320.30000,4.66770,2.42360
09AR20080322,20080329,0246,-65.57420,139.65800,301.40000,298.00000,-1.59100,-1.59822,34.45330,291.38000,30.97000,77.40600,2.10490,-9999.00000,-9999.00000,-9999.00000,-9999.00000
09AR20080322,20080329,0246,-65.57420,139.65800,301.40000,298.00000,-1.58160,-1.58884,34.45340,295.06000,30.97000,77.40600,2.10490,-9999.00000,-9999.00000,-9999.00000,-9999.00000
09AR20080322,20080329,0246,-65.57420,139.65800,328.90000,325.00000,-1.57440,-1.58241,34.46090,297.81000,31.47660,77.98610,2.11455,-9999.00000,-9999.00000,-9999.00000,-9999.00000
09AR20080322,20080329,0246,-65.57420,139.65800,329.10000,326.00000,-1.57200,-1.58003,34.45930,297.01000,31.48000,77.98800,2.11460,2224.64000,2328.44000,4.22260,2.23860
09AR20080322,20080329,0246,-65.57420,139.65800,379.40000,375.00000,-1.58960,-1.59899,34.47000,312.66000,-9999.00000,-9999.00000,-9999.00000,-9999.00000,-9999.00000,-9999.00000,-9999.00000
09AR20080322,20080329,0246,-65.57420,139.65800,379.20000,375.00000,-1.58970,-1.59908,34.47010,312.48000,30.69000,77.60000,2.10490,2226.62000,2326.57000,4.54230,2.37220
09AR20080322,20080329,0551,-65.52120,139.86600,5.80000,6.00000,-1.85410,-1.85420,33.98930,337.98000,27.87000,48.79100,1.92060,2178.29000,2296.71000,6.14200,3.17630
09AR20080322,20080329,0551,-65.52120,139.86600,5.80000,6.00000,-1.85200,-1.85210,33.98910,336.71000,27.87000,48.79100,1.92060,-9999.00000,-9999.00000,-9999.00000,-9999.00000
09AR20080322,20080329,0551,-65.52120,139.86600,5.80000,6.00000,-1.84950,-1.84960,33.98860,336.71000,27.87000,48.79100,1.92060,-9999.00000,-9999.00000,-9999.00000,-9999.00000
09AR20080322,20080329,0551,-65.52120,139.86600,5.80000,6.00000,-1.84710,-1.84720,33.98790,336.71000,27.87000,48.79100,1.92060,-9999.00000,-9999.00000,-9999.00000,-9999.00000
09AR20080322,20080329,0551,-65.52120,139.86600,24.00000,24.00000,-1.85330,-1.85373,33.98920,338.32000,27.79000,48.79100,1.91090,2178.60000,2297.28000,-9999.00000,-9999.00000
09AR20080322,20080329,0551,-65.52120,139.86600,54.30000,54.00000,-1.85070,-1.85170,33.98880,338.46000,27.87000,48.98500,1.92060,2176.97000,2298.10000,6.03300,3.16500
09AR20080322,20080329,0551,-65.52120,139.86600,75.40000,75.00000,-1.84480,-1.84621,34.04490,332.58000,28.21000,51.21600,1.94970,2182.50000,2301.36000,-9999.00000,-9999.00000
09AR20080322,20080329,0551,-65.52120,139.86600,75.40000,75.00000,-1.84350,-1.84491,34.03590,331.95000,-9999.00000,-9999.00000,-9999.00000,-9999.00000,-9999.00000,-9999.00000,-9999.00000
09AR20080322,20080329,0551,-65.52120,139.86600,109.80000,109.00000,-1.61910,-1.62145,34.24240,310.10000,28.72960,61.20210,1.99157,2207.21000,2313.82000,5.11410,2.66980
09AR20080322,20080329,0551,-65.52120,139.86600,140.20000,139.00000,-1.63670,-1.63974,34.31530,306.34000,29.19000,69.16100,2.02730,-9999.00000,-9999.00000,-9999.00000,-9999.00000
09AR20080322,20080329,0551,-65.52120,139.86600,140.20000,139.00000,-1.63720,-1.64024,34.31480,309.35000,29.19000,69.16100,2.02730,-9999.00000,-9999.00000,-9999.00000,-9999.00000
09AR20080322,20080329,0551,-65.52120,139.86600,200.70000,199.00000,-1.69570,-1.70010,34.38640,292.47000,30.35000,74.01100,2.08550,2222.06000,2322.88000,4.58700,2.38280
09AR20080322,20080329,0551,-65.52120,139.86600,300.90000,298.00000,-1.16240,-1.17072,34.45300,271.50000,30.94000,77.30900,2.11460,-9999.00000,-9999.00000,-9999.00000,-9999.00000
09AR20080322,20080329,0551,-65.52120,139.86600,399.80000,395.00000,-0.39690,-0.41100,34.54770,244.55000,31.50000,84.09900,2.16310,2239.02000,2333.74000,2.74820,1.42070
09AR20080322,20080329,0551,-65.52120,139.86600,500.20000,495.00000,-0.01500,-0.03475,34.59910,230.95000,31.40000,89.82200,2.18250,-9999.00000,-9999.00000,-9999.00000,-9999.00000
09AR20080322,20080329,0551,-65.52120,139.86600,661.20000,654.00000,0.01030,-0.01695,34.62730,224.31000,31.31000,95.15700,2.17280,-9999.00000,-9999.00000,-9999.00000,-9999.00000
09AR20080322,20080329,0551,-65.52120,139.86600,661.20000,654.00000,-0.00010,-0.02729,34.62620,230.99000,31.31000,95.15700,2.17280,2243.88000,2344.95000,1.87670,0.97530
09AR20080322,20080329,0551,-65.52120,139.86600,801.70000,792.00000,-0.34960,-0.38122,34.60520,244.20000,31.78000,93.50800,2.15340,2244.66000,2342.42000,2.39090,1.24820
09AR20080322,20080329,0551,-65.52120,139.86600,1000.60000,988.00000,-0.80590,-0.84333,34.57010,263.50000,31.81000,88.07600,2.15340,2240.30000,2336.74000,3.21790,1.67190
09AR20080322,20080329,0551,-65.52120,139.86600,1200.40000,1185.00000,-0.94300,-0.98874,34.57390,266.66000,32.06010,88.46380,2.17281,-9999.00000,-9999.00000,-9999.00000,-9999.00000
09AR20080322,20080329,0551,-65.52120,139.86600,1200.30000,1185.00000,-0.93810,-0.98388,34.57240,266.23000,32.06000,88.46400,2.17280,2237.65000,2340.32000,3.37640,1.76320
09AR20080322,20080329,0551,-65.52120,139.86600,1291.40000,1275.00000,-0.95400,-1.00416,34.57380,267.53000,32.32000,88.17300,2.18250,2240.23000,2338.46000,3.39640,1.77540
09AR20080322,20080329,0551,-65.52120,139.86600,1342.30000,1325.00000,-0.95350,-1.00626,34.57520,267.08000,-9999.00000,-9999.00000,-9999.00000,-9999.00000,-9999.00000,-9999.00000,-9999.00000
09AR20080322,20080329,0551,-65.52120,139.86600,1342.10000,1325.00000,-0.95380,-1.00655,34.57420,266.79000,31.44000,87.30000,2.15340,2239.12000,2339.27000,3.40900,1.77200
09AR20080322,20080329,0945,-65.42600,139.84100,3.20000,3.00000,-1.84220,-1.84226,33.98190,334.85000,27.87000,46.36600,1.91090,2175.20000,2290.81000,6.01810,3.12080
09AR20080322,20080329,0945,-65.42600,139.84100,3.20000,3.00000,-1.84080,-1.84086,33.98270,333.46000,-9999.00000,-9999.00000,-9999.00000,-9999.00000,-9999.00000,-9999.00000,-9999.00000
09AR20080322,20080329,0945,-65.42600,139.84100,3.20000,3.00000,-1.84480,-1.84486,33.98230,333.46000,-9999.00000,-9999.00000,-9999.00000,-9999.00000,-9999.00000,-9999.00000,-9999.00000
09AR20080322,20080329,0945,-65.42600,139.84100,3.20000,3.00000,-1.84280,-1.84286,33.98230,333.46000,-9999.00000,-9999.00000,-9999.00000,-9999.00000,-9999.00000,-9999.00000,-9999.00000
09AR20080322,20080329,0945,-65.42600,139.84100,40.40000,40.00000,-1.83860,-1.83934,34.00680,334.49000,27.87000,48.40300,1.92060,2179.40000,2293.81000,6.07130,3.13510
09AR20080322,20080329,0945,-65.42600,139.84100,40.40000,40.00000,-1.83900,-1.83974,34.00440,333.80000,-9999.00000,-9999.00000,-9999.00000,-9999.00000,-9999.00000,-9999.00000,-9999.00000
09AR20080322,20080329,0945,-65.42600,139.84100,98.10000,97.00000,-1.74520,-1.74716,34.10970,324.05000,28.29000,56.55100,1.96910,2190.21000,2304.21000,-9999.00000,-9999.00000
09AR20080322,20080329,0945,-65.42600,139.84100,200.50000,198.00000,-1.39050,-1.39544,34.42660,282.03000,30.48000,74.78700,2.09520,2225.17000,2323.37000,4.24970,2.19420
09AR20080322,20080329,0945,-65.42600,139.84100,300.30000,297.00000,-0.57910,-0.58894,34.52640,250.12000,31.28000,82.06200,2.13400,2235.63000,2334.61000,2.95990,1.54700
09AR20080322,20080329,0945,-65.42600,139.84100,400.70000,396.00000,-0.06000,-0.07531,34.59740,231.21000,31.47000,89.53100,2.15340,2242.55000,2337.06000,2.11240,1.09940
09AR20080322,20080329,0945,-65.42600,139.84100,501.50000,496.00000,0.35140,0.33002,34.64320,219.69000,31.55680,94.09000,2.16310,2246.12000,2345.76000,1.51280,0.77980
09AR20080322,20080329,0945,-65.42600,139.84100,599.50000,593.00000,0.52470,0.49773,34.66680,214.13000,31.65000,98.55200,2.17280,2247.72000,2349.86000,1.12470,0.58860
09AR20080322,20080329,0945,-65.42600,139.84100,800.70000,791.00000,0.42320,0.38642,34.67720,212.64000,32.21000,108.05800,2.20190,2253.45000,2351.95000,0.89460,0.46090
09AR20080322,20080329,0945,-65.42600,139.84100,1001.40000,989.00000,0.32200,0.27507,34.67640,215.00000,32.04000,110.09500,2.21160,2255.01000,2353.36000,-9999.00000,-9999.00000
09AR20080322,20080329,0945,-65.42600,139.84100,1001.10000,989.00000,0.32070,0.27380,34.67620,215.42000,32.04010,110.09600,2.21161,2252.25000,2350.61000,-9999.00000,-9999.00000
09AR20080322,20080329,0945,-65.42600,139.84100,1200.50000,1185.00000,0.09430,0.03819,34.66460,223.60000,31.95000,108.54300,2.20190,2250.18000,2350.29000,1.32550,0.67860
09AR20080322,20080329,0945,-65.42600,139.84100,1401.10000,1383.00000,-0.11450,-0.18005,34.65480,230.37000,31.87000,105.14800,2.19220,2249.41000,-9999.00000,1.68570,0.87420
09AR20080322,20080329,0945,-65.42600,139.84100,1600.60000,1579.00000,-0.15610,-0.23321,34.65170,233.41000,31.70000,103.49900,2.19220,2249.90000,2351.36000,1.83900,0.94570
09AR20080322,20080329,0945,-65.42600,139.84100,1599.20000,1577.00000,-0.16530,-0.24221,34.65200,232.92000,31.70070,103.50800,2.19220,2247.64000,-9999.00000,-9999.00000,-9999.00000
09AR20080322,20080329,0945,-65.42600,139.84100,1799.30000,1774.00000,-0.19630,-0.28549,34.65070,234.54000,31.78000,102.43200,2.19220,2248.33000,2339.58000,1.89410,0.97110
09AR20080322,20080329,0945,-65.42600,139.84100,2070.20000,2040.00000,-0.23320,-0.34000,34.64540,237.11000,31.54000,101.75300,2.18250,-9999.00000,-9999.00000,2.03360,1.05090
09AR20080322,20080329,0945,-65.42600,139.84100,2070.00000,2040.00000,-0.24700,-0.35356,34.64460,237.04000,31.54030,101.75400,2.18251,-9999.00000,-9999.00000,-9999.00000,-9999.00000
09AR20080322,20080329,0945,-65.42600,139.84100,2121.90000,2090.00000,-0.25060,-0.36071,34.64400,237.54000,31.46000,100.97700,2.17280,-9999.00000,-9999.00000,2.03920,1.06950
09AR20080322,20080329,0945,-65.42600,139.84100,2121.60000,2090.00000,-0.25960,-0.36954,34.64380,237.44000,31.46060,100.98300,2.17288,-9999.00000,-9999.00000,-9999.00000,-9999.00000
09AR20080322,20080329,1549,-65.39650,139.91900,10.00000,10.00000,-1.84210,-1.84228,33.97490,335.38000,28.04000,45.68700,1.93030,2176.26000,2296.19000,5.96980,3.13110
09AR20080322,20080329,1549,-65.39650,139.91900,50.30000,50.00000,-1.84020,-1.84112,33.98230,331.84000,-9999.00000,-9999.00000,-9999.00000,-9999.00000,-9999.00000,-9999.00000,-9999.00000
09AR20080322,20080329,1549,-65.39650,139.91900,50.30000,50.00000,-1.83910,-1.84003,33.98670,331.84000,-9999.00000,-9999.00000,-9999.00000,-9999.00000,-9999.00000,-9999.00000,-9999.00000
09AR20080322,20080329,1549,-65.39650,139.91900,50.30000,50.00000,-1.83990,-1.84083,34.00620,333.72000,27.94000,47.43300,1.93030,2180.10000,2297.08000,6.01140,3.11550
09AR20080322,20080329,1549,-65.39650,139.91900,89.80000,89.00000,-1.83000,-1.83172,34.13420,325.23000,28.70000,55.96900,1.96910,2196.86000,2307.71000,5.57380,2.92970
09AR20080322,20080329,1549,-65.39650,139.91900,130.10000,129.00000,-1.65150,-1.65431,34.37050,293.10000,30.54000,72.84700,2.08550,2221.14000,2323.29000,-9999.00000,-9999.00000
09AR20080322,20080329,1549,-65.39650,139.91900,170.40000,169.00000,-1.61260,-1.61641,34.39760,288.51000,30.52000,74.69000,2.09520,2225.38000,2326.85000,4.49000,2.32880
09AR20080322,20080329,1549,-65.39650,139.91900,199.90000,198.00000,-1.45850,-1.46331,34.42250,281.80000,30.86000,76.04800,2.11460,2226.35000,2327.85000,-9999.00000,-9999.00000
09AR20080322,20080329,1549,-65.39650,139.91900,300.30000,297.00000,-0.79930,-0.80856,34.50070,258.33000,31.30000,80.70400,2.14370,2235.88000,2333.30000,3.26380,1.70930
09AR20080322,20080329,1549,-65.39650,139.91900,400.70000,396.00000,-0.19860,-0.21342,34.57150,237.79000,31.46000,86.81500,2.16310,2242.90000,2335.41000,2.45580,1.27440
09AR20080322,20080329,1549,-65.39650,139.91900,500.20000,495.00000,-0.02180,-0.04153,34.60850,230.20000,31.50000,92.24700,2.19220,2247.08000,2342.98000,2.03070,1.06030
09AR20080322,20080329,1549,-65.39650,139.91900,600.10000,593.00000,0.04030,0.01575,34.62560,227.31000,31.67000,95.93300,2.19220,2246.23000,2342.19000,-9999.00000,-9999.00000
09AR20080322,20080329,1549,-65.39650,139.91900,699.90000,692.00000,0.18190,0.15179,34.65090,221.42000,31.66000,101.36500,2.19220,2254.93000,2349.47000,1.44010,0.74970
09AR20080322,20080329,1549,-65.39650,139.91900,800.10000,791.00000,0.18060,0.14548,34.65170,221.86000,31.65000,102.52900,2.19220,2253.55000,2348.03000,1.38430,0.72170
09AR20080322,20080329,1549,-65.39650,139.91900,900.40000,890.00000,0.11980,0.07993,34.65270,223.94000,31.63000,104.27500,2.19220,2251.82000,2348.86000,-9999.00000,-9999.00000
09AR20080322,20080329,1549,-65.39650,139.91900,999.10000,987.00000,0.12910,0.08389,34.66090,221.22000,31.62000,106.31200,2.21160,2255.52000,2351.80000,1.29870,0.67480
09AR20080322,20080329,1549,-65.39650,139.91900,1200.00000,1185.00000,0.13060,0.07416,34.66890,220.63000,32.16000,109.31900,2.20190,2256.13000,2351.57000,1.19980,0.62060
09AR20080322,20080329,1549,-65.39650,139.91900,1401.10000,1383.00000,0.02820,-0.03898,34.66520,224.90000,32.05000,107.57300,2.21160,-9999.00000,2350.90000,1.39020,0.71850
09AR20080322,20080329,1549,-65.39650,139.91900,1601.40000,1580.00000,-0.06210,-0.14049,34.66090,227.86000,31.78000,105.92400,2.20190,2252.44000,2349.15000,-9999.00000,-9999.00000
09AR20080322,20080329,1549,-65.39650,139.91900,1799.80000,1774.00000,-0.15560,-0.24541,34.65310,232.70000,31.85000,103.49900,2.19220,2251.31000,2349.32000,1.83250,0.95210
09AR20080322,20080329,1549,-65.39650,139.91900,2000.60000,1972.00000,-0.24000,-0.34192,34.64760,236.50000,31.58000,100.97700,2.18250,2248.23000,2349.02000,2.07310,1.05680
09AR20080322,20080329,1549,-65.39650,139.91900,2200.80000,2168.00000,-0.33730,-0.45147,34.64110,240.91000,31.38000,98.55200,2.18250,2248.92000,2348.41000,2.27950,1.17640
09AR20080322,20080329,1549,-65.39650,139.91900,2353.10000,2317.00000,-0.34620,-0.47114,34.64070,241.16000,31.46000,98.55200,2.18250,2250.79000,2346.56000,2.32470,1.20840
09AR20080322,20080329,1549,-65.39650,139.91900,2375.10000,2339.00000,-0.34550,-0.47206,34.63870,242.14000,31.46000,98.55200,2.18250,2250.19000,2346.03000,2.33390,1.20070
09AR20080322,20080329,2148,-65.07080,139.75100,9.00000,9.00000,-1.51180,-1.51199,33.88770,340.06000,27.97000,39.86700,1.86240,2163.89000,2290.16000,6.08170,3.21890
09AR20080322,20080329,2148,-65.07080,139.75100,30.00000,30.00000,-1.41190,-1.41256,33.93160,338.42000,28.20890,40.44600,1.87205,-9999.00000,-9999.00000,-9999.00000,-9999.00000
09AR20080322,20080329,2148,-65.07080,139.75100,30.10000,30.00000,-1.41210,-1.41276,33.93150,338.42000,-9999.00000,-9999.00000,-9999.00000,-9999.00000,-9999.00000,-9999.00000,-9999.00000
09AR20080322,20080329,2148,-65.07080,139.75100,30.10000,30.00000,-1.41220,-1.41286,33.93150,339.78000,28.21000,40.44900,1.87210,2169.91000,2293.43000,6.06980,3.18070
09AR20080322,20080329,2148,-65.07080,139.75100,69.00000,68.00000,-1.35230,-1.35388,34.02480,337.24000,28.51000,43.55300,1.90120,2178.35000,2298.46000,6.01920,3.15690
09AR20080322,20080329,2148,-65.07080,139.75100,89.10000,88.00000,-1.41300,-1.41507,34.36090,291.21000,30.56000,68.67600,2.06610,-9999.00000,-9999.00000,-9999.00000,-9999.00000
09AR20080322,20080329,2148,-65.07080,139.75100,111.40000,110.00000,-1.23480,-1.23759,34.40230,280.69000,31.14000,69.84000,2.10490,-9999.00000,-9999.00000,-9999.00000,-9999.00000
09AR20080322,20080329,2148,-65.07080,139.75100,150.10000,149.00000,-1.34110,-1.34479,34.42230,279.60000,30.81000,74.30200,2.08550,2226.28000,2326.70000,-9999.00000,-9999.00000
09AR20080322,20080329,2148,-65.07080,139.75100,201.20000,199.00000,-0.91810,-0.92390,34.47340,265.16000,31.29000,77.79400,2.11460,-9999.00000,-9999.00000,3.55960,1.85800
09AR20080322,20080329,2148,-65.07080,139.75100,299.90000,297.00000,-0.32030,-0.33079,34.54380,242.77000,31.28000,82.64400,2.12430,-9999.00000,-9999.00000,-9999.00000,-9999.00000
09AR20080322,20080329,2148,-65.07080,139.75100,400.60000,396.00000,0.23280,0.21650,34.61170,224.91000,31.19000,87.97900,2.11460,2246.04000,2339.37000,1.88220,0.97280
09AR20080322,20080329,2148,-65.07080,139.75100,500.90000,495.00000,0.28880,0.26772,34.62910,220.61000,31.78000,92.05300,2.13400,-9999.00000,-9999.00000,-9999.00000,-9999.00000
09AR20080322,20080329,2148,-65.07080,139.75100,600.40000,594.00000,0.52330,0.49629,34.66620,212.52000,31.77000,98.64900,2.15340,-9999.00000,-9999.00000,1.11110,0.58010
09AR20080322,20080329,2148,-65.07080,139.75100,701.10000,693.00000,0.61450,0.58180,34.68010,210.23000,31.78930,99.86800,2.15967,-9999.00000,-9999.00000,-9999.00000,-9999.00000
09AR20080322,20080329,2148,-65.07080,139.75100,800.90000,792.00000,0.31900,0.28292,34.65700,219.13000,31.84000,100.78300,2.16310,-9999.00000,-9999.00000,-9999.00000,-9999.00000
09AR20080322,20080329,2148,-65.07080,139.75100,899.90000,889.00000,0.52090,0.47805,34.68310,211.04000,32.00000,106.89400,2.18250,-9999.00000,-9999.00000,-9999.00000,-9999.00000
09AR20080322,20080329,2148,-65.07080,139.75100,999.80000,988.00000,0.42050,0.37285,34.68030,212.34000,32.22000,109.41600,2.19220,2255.17000,2352.53000,0.81560,0.42680
09AR20080322,20080329,2148,-65.07080,139.75100,1201.00000,1186.00000,0.28360,0.22560,34.67540,215.99000,32.30000,108.93100,2.19220,-9999.00000,-9999.00000,-9999.00000,-9999.00000
09AR20080322,20080329,2148,-65.07080,139.75100,1400.00000,1382.00000,0.23790,0.16839,34.68090,216.69000,31.83030,109.90300,2.18255,2257.43000,2354.27000,0.85460,0.44020
09AR20080322,20080329,2148,-65.07080,139.75100,1600.50000,1579.00000,0.10680,0.02627,34.67520,221.50000,31.36000,110.87100,2.17280,2257.97000,2352.77000,1.05450,0.53840
09AR20080322,20080329,2148,-65.07080,139.75100,1799.60000,1774.00000,0.08670,-0.00663,34.67900,222.46000,31.43000,110.48300,2.16310,2256.68000,2352.97000,1.11990,0.57520
09AR20080322,20080329,2148,-65.07080,139.75100,2000.70000,1972.00000,-0.08690,-0.19132,34.67030,228.93000,31.17000,105.14800,2.15340,2252.58000,2350.70000,1.63010,0.83180
09AR20080322,20080329,2148,-65.07080,139.75100,2101.80000,2071.00000,-0.17070,-0.28079,34.66410,232.28000,31.16000,103.40200,2.14370,2252.68000,2350.70000,1.83050,0.93100
09AR20080322,20080329,2148,-65.07080,139.75100,2135.70000,2104.00000,-0.17940,-0.29173,34.66330,232.63000,31.32000,103.79000,2.14370,2252.80000,2350.85000,1.82670,0.93510
09AR20080322,20080330,0220,-64.81250,139.86100,5.70000,6.00000,-1.11140,-1.11154,34.02110,338.19000,27.95000,39.96400,1.87210,2174.25000,2298.08000,6.01710,3.16290
09AR20080322,20080330,0220,-64.81250,139.86100,40.90000,40.00000,-1.13500,-1.13600,34.02640,338.17000,-9999.00000,-9999.00000,-9999.00000,-9999.00000,-9999.00000,-9999.00000,-9999.00000
09AR20080322,20080330,0220,-64.81250,139.86100,40.90000,40.00000,-1.13520,-1.13620,34.02620,338.17000,-9999.00000,-9999.00000,-9999.00000,-9999.00000,-9999.00000,-9999.00000,-9999.00000
09AR20080322,20080330,0220,-64.81250,139.86100,40.90000,40.00000,-1.13610,-1.13710,34.02520,338.10000,27.95000,40.35200,1.87210,2175.58000,2298.98000,5.95080,3.16330
09AR20080322,20080330,0220,-64.81250,139.86100,71.40000,71.00000,-0.61520,-0.61732,34.19580,299.88000,29.77000,51.79800,1.98850,2195.68000,2308.23000,4.79060,2.53270
09AR20080322,20080330,0220,-64.81250,139.86100,100.40000,99.00000,0.26390,0.26008,34.50380,232.05000,32.45000,72.84700,2.19220,2234.73000,2330.25000,-9999.00000,-9999.00000
09AR20080322,20080330,0220,-64.81250,139.86100,151.70000,150.00000,0.74670,0.74022,34.59240,214.46000,32.28000,79.05500,2.18250,2241.26000,2335.59000,1.80450,0.94030
09AR20080322,20080330,0220,-64.81250,139.86100,250.40000,248.00000,1.24720,1.23520,34.67720,200.21000,31.60000,84.68100,2.14370,2245.89000,2341.01000,-9999.00000,-9999.00000
09AR20080322,20080330,0220,-64.81250,139.86100,351.10000,347.00000,1.33510,1.31769,34.70640,199.28000,31.17000,87.97900,2.12430,2246.38000,2349.04000,0.63910,0.33520
09AR20080322,20080330,0220,-64.81250,139.86100,452.00000,447.00000,1.30760,1.28489,34.71620,199.81000,31.34000,91.27700,2.12430,2246.83000,2350.71000,-9999.00000,-9999.00000
09AR20080322,20080330,0220,-64.81250,139.86100,550.80000,545.00000,1.23460,1.20679,34.71820,201.36000,31.42000,93.70200,2.13400,2246.37000,2349.87000,0.48820,0.25500
09AR20080322,20080330,0220,-64.81250,139.86100,650.20000,643.00000,1.16790,1.13487,34.72000,202.05000,31.34000,97.09700,2.13400,2247.37000,2350.16000,-9999.00000,-9999.00000
09AR20080322,20080330,0220,-64.81250,139.86100,751.50000,743.00000,1.05540,1.01727,34.71590,203.85000,31.58000,100.39500,2.15340,2248.62000,2351.58000,0.41280,0.21970
09AR20080322,20080330,0220,-64.81250,139.86100,900.80000,890.00000,0.83430,0.78907,34.70450,206.75000,31.83000,104.95400,2.17280,2251.57000,2355.06000,0.47410,0.25140
09AR20080322,20080330,0220,-64.81250,139.86100,1100.10000,1086.00000,0.64880,0.59335,34.69680,208.18000,32.25000,110.28900,2.19220,2250.89000,2355.99000,0.47940,0.24720
09AR20080322,20080330,0220,-64.81250,139.86100,1300.40000,1284.00000,0.43300,0.36751,34.68500,212.49000,32.24000,112.81100,2.20190,2254.47000,2354.78000,0.65750,0.34110
09AR20080322,20080330,0220,-64.81250,139.86100,1501.10000,1481.00000,0.30430,0.22767,34.68310,215.01000,32.29000,115.52700,2.22130,2254.09000,2356.89000,0.72160,0.37450
09AR20080322,20080330,0220,-64.81250,139.86100,1701.70000,1678.00000,0.21030,0.12179,34.68150,217.90000,32.32000,116.59400,2.22130,2254.81000,2353.84000,0.80980,0.41750
09AR20080322,20080330,0220,-64.81250,139.86100,1901.10000,1874.00000,0.11150,0.01090,34.67820,221.75000,32.23000,113.58700,2.20190,2252.63000,2353.33000,1.06940,0.55260
09AR20080322,20080330,0220,-64.81250,139.86100,2100.70000,2070.00000,-0.01820,-0.13075,34.67290,226.47000,32.06000,110.28900,2.19220,2251.49000,2351.82000,1.43960,0.72170
09AR20080322,20080330,0220,-64.81250,139.86100,2301.10000,2266.00000,-0.11920,-0.24455,34.67150,230.28000,31.88000,107.86400,2.19220,-9999.00000,2349.87000,1.72780,0.87610
09AR20080322,20080330,0220,-64.81250,139.86100,2450.40000,2412.00000,-0.23490,-0.36922,34.66420,235.33000,32.14000,104.56600,2.18250,2250.21000,2350.58000,2.08080,1.05260
09AR20080322,20080330,0220,-64.81250,139.86100,2543.80000,2504.00000,-0.26420,-0.40504,34.66110,236.77000,32.05000,102.91700,2.18250,2249.25000,2349.86000,2.16260,1.11300
09AR20080322,20080330,0220,-64.81250,139.86100,2590.00000,2549.00000,-0.26520,-0.40957,34.66050,236.97000,32.04000,102.43200,2.19220,2251.32000,2349.97000,2.15890,1.11320
09AR20080322,20080330,0841,-64.87730,140.20700,4.10000,4.00000,-1.42520,-1.42529,33.96180,340.43000,28.14000,40.54600,1.92060,-9999.00000,-9999.00000,-9999.00000,-9999.00000
09AR20080322,20080330,0841,-64.87730,140.20700,4.10000,4.00000,-1.42810,-1.42819,33.96040,339.32000,-9999.00000,-9999.00000,-9999.00000,-9999.00000,-9999.00000,-9999.00000,-9999.00000
09AR20080322,20080330,0841,-64.87730,140.20700,4.10000,4.00000,-1.42820,-1.42829,33.96040,339.32000,-9999.00000,-9999.00000,-9999.00000,-9999.00000,-9999.00000,-9999.00000,-9999.00000
09AR20080322,20080330,0841,-64.87730,140.20700,3.90000,4.00000,-1.42760,-1.42768,33.96050,339.32000,-9999.00000,-9999.00000,-9999.00000,-9999.00000,-9999.00000,-9999.00000,-9999.00000
09AR20080322,20080330,0841,-64.87730,140.20700,29.80000,30.00000,-1.42500,-1.42565,33.96140,339.93000,28.15000,40.74000,1.91090,-9999.00000,-9999.00000,-9999.00000,-9999.00000
09AR20080322,20080330,0841,-64.87730,140.20700,29.70000,29.00000,-1.42570,-1.42635,33.96050,339.93000,28.15060,40.74030,1.91090,-9999.00000,-9999.00000,-9999.00000,-9999.00000
09AR20080322,20080330,0841,-64.87730,140.20700,50.30000,50.00000,-1.40010,-1.40122,33.96450,339.16000,27.85000,40.25500,1.92060,-9999.00000,-9999.00000,-9999.00000,-9999.00000
09AR20080322,20080330,0841,-64.87730,140.20700,50.20000,50.00000,-1.39820,-1.39932,33.96390,339.33000,27.85120,40.25720,1.92056,-9999.00000,-9999.00000,-9999.00000,-9999.00000
09AR20080322,20080330,0841,-64.87730,140.20700,69.70000,69.00000,-1.19100,-1.19269,34.01300,337.42000,27.93000,40.93400,1.91090,-9999.00000,-9999.00000,-9999.00000,-9999.00000
09AR20080322,20080330,0841,-64.87730,140.20700,69.60000,69.00000,-1.18990,-1.19159,34.01330,337.54000,27.92750,40.92300,1.91084,-9999.00000,-9999.00000,-9999.00000,-9999.00000
09AR20080322,20080330,0841,-64.87730,140.20700,89.40000,89.00000,-1.07010,-1.07243,34.28320,298.40000,30.02000,58.20000,2.06610,-9999.00000,-9999.00000,-9999.00000,-9999.00000
09AR20080322,20080330,0841,-64.87730,140.20700,89.50000,89.00000,-1.06640,-1.06874,34.28450,298.45000,30.02460,58.23400,2.06627,-9999.00000,-9999.00000,-9999.00000,-9999.00000
09AR20080322,20080330,0841,-64.87730,140.20700,114.50000,113.00000,-1.26210,-1.26494,34.38010,290.55000,30.90000,65.18400,2.10490,-9999.00000,-9999.00000,-9999.00000,-9999.00000
09AR20080322,20080330,0841,-64.87730,140.20700,130.60000,129.00000,-1.16190,-1.16529,34.41380,284.16000,31.17000,68.09400,2.13400,-9999.00000,-9999.00000,-9999.00000,-9999.00000
09AR20080322,20080330,0841,-64.87730,140.20700,150.60000,149.00000,-0.90970,-0.91397,34.44890,272.64000,31.42050,70.70570,2.15541,-9999.00000,-9999.00000,-9999.00000,-9999.00000
09AR20080322,20080330,0841,-64.87730,140.20700,201.90000,200.00000,-0.29420,-0.30112,34.51830,249.21000,31.90000,76.53300,2.17280,-9999.00000,-9999.00000,-9999.00000,-9999.00000
09AR20080322,20080330,0841,-64.87730,140.20700,249.00000,246.00000,0.14680,0.13721,34.57320,233.65000,31.92000,80.80100,2.17280,-9999.00000,-9999.00000,-9999.00000,-9999.00000
09AR20080322,20080330,0841,-64.87730,140.20700,300.90000,298.00000,0.42980,0.41733,34.61270,223.96000,32.21000,85.16600,2.19220,-9999.00000,-9999.00000,-9999.00000,-9999.00000
09AR20080322,20080330,0841,-64.87730,140.20700,348.10000,344.00000,0.72280,0.70735,34.64990,215.13000,32.30000,88.94900,2.19220,-9999.00000,-9999.00000,-9999.00000,-9999.00000
09AR20080322,20080330,0841,-64.87730,140.20700,400.00000,396.00000,0.81450,0.79625,34.66540,212.09000,31.67000,89.72500,2.17280,-9999.00000,-9999.00000,-9999.00000,-9999.00000
09AR20080322,20080330,0841,-64.87730,140.20700,550.30000,544.00000,0.97660,0.95000,34.70010,206.14000,31.50000,95.25400,2.16310,-9999.00000,-9999.00000,-9999.00000,-9999.00000
09AR20080322,20080330,0841,-64.87730,140.20700,649.40000,642.00000,0.94450,0.91272,34.70410,205.74000,31.49000,98.64900,2.16310,-9999.00000,-9999.00000,-9999.00000,-9999.00000
09AR20080322,20080330,0841,-64.87730,140.20700,752.70000,744.00000,0.90630,0.86903,34.70560,205.28000,-9999.00000,-9999.00000,-9999.00000,-9999.00000,-9999.00000,-9999.00000,-9999.00000
09AR20080322,20080330,0841,-64.87730,140.20700,752.50000,744.00000,0.90930,0.87202,34.70660,205.56000,31.65000,101.94700,2.17280,-9999.00000,-9999.00000,-9999.00000,-9999.00000
09AR20080322,20080330,1407,-64.54800,139.85100,9.80000,10.00000,-0.37890,-0.37920,34.00070,333.52000,27.76000,36.86000,1.86240,2171.02000,2297.65000,5.75650,3.05770
09AR20080322,20080330,1407,-64.54800,139.85100,29.80000,30.00000,-0.38260,-0.38352,33.99980,332.71000,27.74970,36.66250,1.84266,-9999.00000,-9999.00000,-9999.00000,-9999.00000
09AR20080322,20080330,1407,-64.54800,139.85100,29.70000,29.00000,-0.38080,-0.38172,33.99960,332.71000,27.74980,36.66330,1.84274,-9999.00000,-9999.00000,-9999.00000,-9999.00000
09AR20080322,20080330,1407,-64.54800,139.85100,29.40000,29.00000,-0.38110,-0.38201,33.99960,333.52000,27.75000,36.66600,1.84300,2170.81000,2297.01000,5.73950,3.05500
09AR20080322,20080330,1407,-64.54800,139.85100,50.50000,50.00000,-0.37570,-0.37727,34.00480,331.95000,27.65000,37.15100,1.85270,2171.38000,2297.33000,-9999.00000,-9999.00000
09AR20080322,20080330,1407,-64.54800,139.85100,69.00000,68.00000,-0.03220,-0.03462,34.42950,250.80000,32.44000,66.93000,2.18250,2229.42000,2323.97000,3.23150,1.70870
09AR20080322,20080330,1407,-64.54800,139.85100,89.40000,89.00000,0.37060,0.36713,34.50580,228.67000,32.62000,73.13800,-9999.00000,2238.56000,2327.51000,-9999.00000,-9999.00000
09AR20080322,20080330,1407,-64.54800,139.85100,129.60000,128.00000,1.24320,1.23714,34.61520,196.42000,33.31000,79.92800,2.24070,2249.17000,2333.52000,1.28900,0.66000
09AR20080322,20080330,1407,-64.54800,139.85100,149.10000,148.00000,1.24910,1.24210,34.62620,197.19000,33.31000,81.09200,2.26980,2248.20000,2335.61000,-9999.00000,-9999.00000
09AR20080322,20080330,1407,-64.54800,139.85100,199.60000,198.00000,1.46390,1.45407,34.66780,192.41000,32.90000,83.22600,2.20190,2249.46000,2339.51000,0.86560,0.44950
09AR20080322,20080330,1407,-64.54800,139.85100,249.40000,247.00000,1.59750,1.58482,34.69500,190.19000,32.33000,84.48700,2.20190,2249.11000,2341.48000,-9999.00000,-9999.00000
09AR20080322,20080330,1407,-64.54800,139.85100,298.40000,295.00000,1.50330,1.48823,34.69780,193.50000,32.24000,85.74800,2.17280,2247.50000,2342.85000,0.64860,0.34130
09AR20080322,20080330,1407,-64.54800,139.85100,400.90000,397.00000,1.35430,1.33419,34.70190,198.27000,31.68000,87.88200,2.14370,2246.79000,2344.78000,-9999.00000,-9999.00000
09AR20080322,20080330,1407,-64.54800,139.85100,497.00000,492.00000,1.29150,1.26641,34.70980,201.00000,31.59000,90.79200,2.14370,2246.63000,2345.26000,0.65000,0.33610
09AR20080322,20080330,1407,-64.54800,139.85100,696.90000,689.00000,1.28550,1.24914,34.73020,200.22000,31.27000,96.70900,2.13400,2248.41000,2350.81000,-9999.00000,-9999.00000
09AR20080322,20080330,1407,-64.54800,139.85100,899.70000,889.00000,1.14020,1.09277,34.72860,202.30000,31.21000,103.20800,2.14370,2250.74000,2353.93000,0.18710,0.10030
09AR20080322,20080330,1407,-64.54800,139.85100,1197.90000,1183.00000,0.86180,0.79834,34.71430,206.00000,31.83000,110.48300,2.19220,2252.86000,2356.24000,0.24650,0.13360
09AR20080322,20080330,1407,-64.54800,139.85100,1498.20000,1478.00000,0.56000,0.48047,34.69640,210.52000,32.48000,115.13900,2.22130,2256.38000,2355.58000,0.39970,0.20310
09AR20080322,20080330,1407,-64.54800,139.85100,1798.60000,1773.00000,0.36440,0.26716,34.69150,214.86000,32.72000,122.31700,2.24070,2255.39000,2357.83000,-9999.00000,-9999.00000
09AR20080322,20080330,1407,-64.54800,139.85100,2098.70000,2068.00000,0.19600,0.08005,34.68480,219.72000,32.80000,124.93600,2.25040,2255.71000,2356.73000,0.53770,0.26570
09AR20080322,20080330,1407,-64.54800,139.85100,2400.20000,2363.00000,0.06550,-0.07069,34.67990,223.68000,32.89000,127.45800,2.26010,2255.96000,2355.82000,-9999.00000,-9999.00000
09AR20080322,20080330,1407,-64.54800,139.85100,2699.40000,2656.00000,-0.09370,-0.25020,34.67030,231.02000,32.65000,121.54100,2.25040,2253.72000,2352.77000,1.29680,0.64990
09AR20080322,20080330,1407,-64.54800,139.85100,3048.70000,2997.00000,-0.40100,-0.57929,34.64990,246.14000,32.25000,102.14100,2.19220,2249.25000,2349.05000,2.45520,1.28730
09AR20080322,20080330,1407,-64.54800,139.85100,3094.00000,3041.00000,-0.43140,-0.61277,34.64850,247.61000,32.41000,102.14100,2.19220,2248.35000,2347.47000,2.56160,1.32370
09AR20080322,20080330,1945,-64.20920,139.84100,4.30000,4.00000,0.22660,0.22645,33.95790,330.63000,27.41000,28.90600,1.76540,-9999.00000,-9999.00000,-9999.00000,-9999.00000
09AR20080322,20080330,1945,-64.20920,139.84100,4.30000,4.00000,0.22580,0.22565,33.95650,330.63000,27.41000,28.90600,1.76540,-9999.00000,-9999.00000,-9999.00000,-9999.00000
09AR20080322,20080330,1945,-64.20920,139.84100,4.30000,4.00000,0.22640,0.22625,33.95660,330.63000,27.41000,28.90600,1.76540,-9999.00000,-9999.00000,-9999.00000,-9999.00000
09AR20080322,20080330,1945,-64.20920,139.84100,24.60000,24.00000,0.22500,0.22412,33.95650,329.71000,27.41000,28.32400,1.76540,-9999.00000,-9999.00000,-9999.00000,-9999.00000
09AR20080322,20080330,1945,-64.20920,139.84100,50.20000,50.00000,0.22800,0.22618,33.95690,330.06000,27.48000,28.42100,1.77510,-9999.00000,-9999.00000,-9999.00000,-9999.00000
09AR20080322,20080330,1945,-64.20920,139.84100,74.90000,74.00000,0.15460,0.15191,33.98250,327.01000,27.72000,31.62200,1.81390,-9999.00000,-9999.00000,-9999.00000,-9999.00000
09AR20080322,20080330,1945,-64.20920,139.84100,150.50000,149.00000,0.87880,0.87222,34.53990,210.55000,33.11000,74.59300,2.23100,-9999.00000,-9999.00000,-9999.00000,-9999.00000
09AR20080322,20080330,1945,-64.20920,139.84100,501.40000,496.00000,1.46250,1.43647,34.70740,196.01000,31.69000,87.10600,2.13400,-9999.00000,-9999.00000,-9999.00000,-9999.00000
09AR20080322,20080330,1945,-64.20920,139.84100,998.80000,987.00000,1.21290,1.15883,34.72890,201.74000,31.41000,100.29800,2.13400,2251.25000,2352.89000,0.25900,0.13380
09AR20080322,20080330,1945,-64.20920,139.84100,998.90000,987.00000,1.20880,1.15476,34.72840,200.87000,-9999.00000,-9999.00000,-9999.00000,-9999.00000,-9999.00000,-9999.00000,-9999.00000
09AR20080322,20080330,1945,-64.20920,139.84100,1801.00000,1776.00000,0.55860,0.45843,34.69960,210.91000,32.18000,117.95200,2.21160,2256.48000,2357.15000,0.31670,0.16070
09AR20080322,20080330,1945,-64.20920,139.84100,1800.90000,1776.00000,0.56030,0.46012,34.69860,211.05000,-9999.00000,-9999.00000,-9999.00000,-9999.00000,-9999.00000,-9999.00000,-9999.00000
09AR20080322,20080330,1945,-64.20920,139.84100,2201.30000,2168.00000,0.30600,0.18062,34.68700,216.94000,32.57000,123.48100,2.23100,2256.39000,2355.43000,0.45740,0.23240
09AR20080322,20080330,1945,-64.20920,139.84100,2399.90000,2363.00000,0.20170,0.06302,34.68190,220.25000,32.40000,120.95900,2.23100,2257.39000,2354.24000,0.72610,0.36940
09AR20080322,20080330,1945,-64.20920,139.84100,2399.90000,2363.00000,0.20190,0.06321,34.68250,220.58000,32.40000,120.95900,2.23100,-9999.00000,-9999.00000,-9999.00000,-9999.00000
09AR20080322,20080330,1945,-64.20920,139.84100,2699.40000,2656.00000,0.08000,-0.08010,34.67780,224.46000,32.22000,117.95200,2.22130,2256.44000,2353.51000,1.03560,0.51820
09AR20080322,20080330,1945,-64.20920,139.84100,3001.10000,2951.00000,-0.06750,-0.24948,34.67070,230.45000,32.21000,118.63100,2.21160,2254.76000,2352.49000,1.37070,0.68760
09AR20080322,20080330,1945,-64.20920,139.84100,3000.50000,2950.00000,-0.06810,-0.25002,34.67170,229.37000,32.21030,118.63700,2.21162,-9999.00000,-9999.00000,-9999.00000,-9999.00000
09AR20080322,20080330,1945,-64.20920,139.84100,3198.90000,3144.00000,-0.14870,-0.34581,34.66500,234.62000,31.80000,113.00500,2.19220,2254.52000,2347.14000,1.75240,0.88860
09AR20080322,20080330,1945,-64.20920,139.84100,3401.40000,3341.00000,-0.29550,-0.50686,34.65440,242.89000,31.71000,103.88700,2.16310,2251.09000,2350.51000,2.52820,1.30400
09AR20080322,20080330,1945,-64.20920,139.84100,3501.40000,3439.00000,-0.41590,-0.63310,34.64360,253.23000,31.54000,100.20100,2.17280,2248.66000,2348.40000,2.57490,1.33710
09AR20080322,20080330,1945,-64.20920,139.84100,3500.90000,3438.00000,-0.41570,-0.63287,34.64480,250.01000,31.54120,100.21600,2.17283,-9999.00000,-9999.00000,-9999.00000,-9999.00000
09AR20080322,20080330,1945,-64.20920,139.84100,3549.80000,3486.00000,-0.41320,-0.63486,34.64420,248.97000,31.37000,99.71600,2.15340,2248.30000,2346.29000,2.57750,1.33930
09AR20080322,20080330,1945,-64.20920,139.84100,3547.60000,3484.00000,-0.41350,-0.63495,34.64460,250.01000,31.37960,99.70920,2.15481,-9999.00000,-9999.00000,-9999.00000,-9999.00000
09AR20080322,20080331,0002,-64.20970,139.84200,6.50000,6.00000,0.21430,0.21407,33.96080,328.89000,27.75000,29.10000,1.81390,2164.08000,2293.27000,5.64790,3.03340
09AR20080322,20080331,0002,-64.20970,139.84200,11.20000,11.00000,0.21310,0.21270,33.95970,327.63000,27.72160,29.05750,1.81390,-9999.00000,-9999.00000,-9999.00000,-9999.00000
09AR20080322,20080331,0002,-64.20970,139.84200,25.90000,26.00000,0.21310,0.21217,33.95980,327.62000,27.66080,29.00380,1.81390,-9999.00000,-9999.00000,-9999.00000,-9999.00000
09AR20080322,20080331,0002,-64.20970,139.84200,26.10000,26.00000,0.21240,0.21146,33.96020,328.41000,27.66000,29.00300,1.81390,-9999.00000,-9999.00000,-9999.00000,-9999.00000
09AR20080322,20080331,0002,-64.20970,139.84200,48.40000,48.00000,0.21120,0.20945,33.96180,328.23000,27.66000,29.19700,1.81390,2163.73000,2294.53000,5.60740,2.99280
09AR20080322,20080331,0002,-64.20970,139.84200,75.00000,74.00000,0.14490,0.14221,34.02380,317.35000,28.43000,35.30800,1.86240,-9999.00000,-9999.00000,-9999.00000,-9999.00000
09AR20080322,20080331,0002,-64.20970,139.84200,98.40000,97.00000,0.77310,0.76895,34.45030,218.08000,33.91000,69.54900,2.28920,-9999.00000,2323.57000,2.44930,1.27280
09AR20080322,20080331,0002,-64.20970,139.84200,150.80000,149.00000,1.31310,1.30595,34.58560,191.51000,33.58000,77.89100,2.27950,2249.50000,2334.52000,1.33900,0.69940
09AR20080322,20080331,0002,-64.20970,139.84200,199.60000,198.00000,1.49960,1.48972,34.63090,189.55000,32.90000,79.92800,2.23100,2252.57000,2336.62000,1.03900,0.53970
09AR20080322,20080331,0002,-64.20970,139.84200,250.10000,248.00000,1.69070,1.67780,34.67270,184.07000,32.90000,82.74100,2.23100,-9999.00000,-9999.00000,-9999.00000,-9999.00000
09AR20080322,20080331,0002,-64.20970,139.84200,300.80000,298.00000,1.70190,1.68622,34.69170,184.85000,32.72000,84.39000,-9999.00000,2253.16000,2340.93000,0.58220,0.30110
09AR20080322,20080331,0002,-64.20970,139.84200,349.80000,346.00000,1.55540,1.53744,34.69130,189.54000,32.71000,85.16600,2.22130,-9999.00000,-9999.00000,-9999.00000,-9999.00000
09AR20080322,20080331,0002,-64.20970,139.84200,400.30000,396.00000,1.44950,1.42912,34.69050,193.94000,32.62000,85.94200,2.23100,2247.46000,2342.80000,0.72700,0.38120
09AR20080322,20080331,0002,-64.20970,139.84200,501.30000,496.00000,1.44920,1.42323,34.70680,195.58000,32.03000,87.97900,2.19831,-9999.00000,-9999.00000,-9999.00000,-9999.00000
09AR20080322,20080331,0002,-64.20970,139.84200,599.70000,593.00000,1.39040,1.35911,34.71530,198.09000,31.61000,90.01600,2.16310,2247.12000,2346.60000,0.54960,0.28370
09AR20080322,20080331,0002,-64.20970,139.84200,698.10000,690.00000,1.33570,1.29900,34.72270,200.53000,31.42000,92.53800,2.14370,-9999.00000,-9999.00000,-9999.00000,-9999.00000
09AR20080322,20080331,0002,-64.20970,139.84200,799.70000,790.00000,1.27710,1.23474,34.72430,200.66000,31.34000,95.35100,2.14370,2250.76000,2353.25000,0.40150,0.20930
09AR20080322,20080331,0002,-64.20970,139.84200,900.00000,889.00000,1.25310,1.20484,34.72900,201.70000,31.33000,98.16400,2.15340,-9999.00000,-9999.00000,-9999.00000,-9999.00000
09AR20080322,20080331,0002,-64.20970,139.84200,999.20000,987.00000,1.12830,1.07490,34.72140,202.74000,31.49000,99.81300,2.15340,-9999.00000,-9999.00000,-9999.00000,-9999.00000
09AR20080322,20080331,0002,-64.20970,139.84200,1199.80000,1185.00000,0.92570,0.86151,34.71110,205.96000,31.69000,105.24500,2.14370,2254.84000,2355.18000,0.40890,0.21260
09AR20080322,20080331,0002,-64.20970,139.84200,1401.40000,1383.00000,0.84070,0.76429,34.71330,206.26000,31.73000,111.45300,2.19220,2255.09000,2355.37000,0.21910,0.10950
09AR20080322,20080331,0002,-64.20970,139.84200,1604.50000,1583.00000,0.68270,0.59451,34.70520,208.30000,32.21000,115.52700,2.20190,2256.17000,2356.86000,0.25980,0.13420
09AR20080322,20080331,0002,-64.20970,139.84200,1799.00000,1774.00000,0.54580,0.44596,34.69720,211.47000,32.46000,118.43700,2.23100,-9999.00000,-9999.00000,-9999.00000,-9999.00000
09AR20080322,20080331,0002,-64.20970,139.84200,2003.00000,1974.00000,0.42000,0.30742,34.69150,214.60000,32.79000,120.95900,2.24070,-9999.00000,-9999.00000,-9999.00000,-9999.00000
09AR20080322,20080331,0529,-63.86500,139.84700,3.60000,4.00000,-9999.00000,-9999.00000,33.96200,323.95000,-9999.00000,-9999.00000,-9999.00000,2162.05000,2290.92000,5.61400,2.98710
09AR20080322,20080331,0529,-63.86500,139.84700,19.20000,19.00000,-9999.00000,-9999.00000,-9999.00000,324.53000,-9999.00000,-9999.00000,-9999.00000,-9999.00000,-9999.00000,-9999.00000,-9999.00000
09AR20080322,20080331,0529,-63.86500,139.84700,19.10000,19.00000,-9999.00000,-9999.00000,-9999.00000,324.53000,-9999.00000,-9999.00000,-9999.00000,-9999.00000,-9999.00000,-9999.00000,-9999.00000
09AR20080322,20080331,0529,-63.86500,139.84700,19.10000,19.00000,-9999.00000,-9999.00000,33.96280,324.53000,-9999.00000,-9999.00000,-9999.00000,2162.49000,2292.16000,5.65020,2.98970
09AR20080322,20080331,0529,-63.86500,139.84700,50.20000,50.00000,-9999.00000,-9999.00000,33.98760,327.88000,-9999.00000,-9999.00000,-9999.00000,2166.50000,2295.30000,5.70180,3.03420
09AR20080322,20080331,0529,-63.86500,139.84700,81.30000,80.00000,-9999.00000,-9999.00000,34.03610,325.89000,-9999.00000,-9999.00000,-9999.00000,2175.22000,2296.90000,5.49500,2.90180
09AR20080322,20080331,0529,-63.86500,139.84700,110.80000,110.00000,-9999.00000,-9999.00000,34.44830,266.83000,-9999.00000,-9999.00000,-9999.00000,2230.76000,2326.92000,3.13290,1.64260
09AR20080322,20080331,0529,-63.86500,139.84700,200.10000,198.00000,-9999.00000,-9999.00000,34.55990,221.88000,-9999.00000,-9999.00000,-9999.00000,2239.38000,2332.72000,2.20220,1.14400
09AR20080322,20080331,0529,-63.86500,139.84700,302.20000,299.00000,-9999.00000,-9999.00000,34.64850,200.36000,-9999.00000,-9999.00000,-9999.00000,2241.68000,2338.99000,1.20090,0.62260
09AR20080322,20080331,0529,-63.86500,139.84700,402.50000,398.00000,-9999.00000,-9999.00000,34.69070,198.50000,-9999.00000,-9999.00000,-9999.00000,2246.12000,2343.87000,0.78190,0.40900
09AR20080322,20080331,0529,-63.86500,139.84700,601.60000,595.00000,-9999.00000,-9999.00000,34.71840,197.76000,-9999.00000,-9999.00000,-9999.00000,2246.01000,2346.98000,-9999.00000,-9999.00000
09AR20080322,20080331,0529,-63.86500,139.84700,801.30000,792.00000,-9999.00000,-9999.00000,34.72530,200.34000,-9999.00000,-9999.00000,-9999.00000,2246.75000,2350.40000,0.38640,0.19870
09AR20080322,20080331,0529,-63.86500,139.84700,1001.00000,989.00000,-9999.00000,-9999.00000,34.71720,203.40000,-9999.00000,-9999.00000,-9999.00000,2247.25000,2353.10000,0.41730,0.21810
09AR20080322,20080331,0529,-63.86500,139.84700,1301.50000,1285.00000,-9999.00000,-9999.00000,34.71550,205.41000,-9999.00000,-9999.00000,-9999.00000,2252.20000,2358.14000,0.30220,0.15320
09AR20080322,20080331,0529,-63.86500,139.84700,1599.90000,1578.00000,-9999.00000,-9999.00000,34.70040,208.66000,-9999.00000,-9999.00000,-9999.00000,2253.10000,2356.26000,0.40940,0.21200
09AR20080322,20080331,0529,-63.86500,139.84700,1902.30000,1875.00000,-9999.00000,-9999.00000,34.69070,212.79000,-9999.00000,-9999.00000,-9999.00000,2255.28000,2355.57000,-9999.00000,-9999.00000
09AR20080322,20080331,0529,-63.86500,139.84700,2203.50000,2171.00000,-9999.00000,-9999.00000,34.68470,216.80000,-9999.00000,-9999.00000,-9999.00000,2253.67000,2354.99000,0.62390,0.31680
09AR20080322,20080331,0529,-63.86500,139.84700,2500.90000,2462.00000,-9999.00000,-9999.00000,34.67880,221.16000,-9999.00000,-9999.00000,-9999.00000,2253.41000,2355.60000,0.83930,0.42880
09AR20080322,20080331,0529,-63.86500,139.84700,2802.10000,2757.00000,-9999.00000,-9999.00000,34.67440,225.95000,-9999.00000,-9999.00000,-9999.00000,2253.00000,2353.15000,1.03240,0.51690
09AR20080322,20080331,0529,-63.86500,139.84700,3100.70000,3048.00000,-9999.00000,-9999.00000,34.67150,229.83000,-9999.00000,-9999.00000,-9999.00000,2251.01000,2352.60000,-9999.00000,-9999.00000
09AR20080322,20080331,0529,-63.86500,139.84700,3404.20000,3344.00000,-9999.00000,-9999.00000,34.66480,235.76000,-9999.00000,-9999.00000,-9999.00000,2249.59000,2352.23000,1.86870,0.93500
09AR20080322,20080331,0529,-63.86500,139.84700,3600.10000,3535.00000,-9999.00000,-9999.00000,34.65230,242.03000,-9999.00000,-9999.00000,-9999.00000,2248.25000,2348.22000,2.28130,1.18080
09AR20080322,20080331,0529,-63.86500,139.84700,3708.10000,3640.00000,-9999.00000,-9999.00000,34.64440,247.37000,-9999.00000,-9999.00000,-9999.00000,2246.31000,2348.28000,2.60190,1.33180
09AR20080322,20080331,0529,-63.86500,139.84700,3751.00000,3682.00000,-9999.00000,-9999.00000,34.64270,248.25000,-9999.00000,-9999.00000,-9999.00000,2245.80000,2347.47000,2.61030,1.35680
09AR20080322,20080331,1150,-63.35050,139.83200,4.60000,5.00000,0.71900,0.71882,33.89260,327.78000,26.97000,22.79500,1.72660,2155.47000,2288.07000,5.64540,3.00190
09AR20080322,20080331,1150,-63.35050,139.83200,20.90000,21.00000,0.73000,0.72916,33.89500,327.90000,-9999.00000,-9999.00000,-9999.00000,-9999.00000,-9999.00000,-9999.00000,-9999.00000
09AR20080322,20080331,1150,-63.35050,139.83200,20.90000,21.00000,0.73100,0.73016,33.89410,327.90000,-9999.00000,-9999.00000,-9999.00000,-9999.00000,-9999.00000,-9999.00000,-9999.00000
09AR20080322,20080331,1150,-63.35050,139.83200,20.70000,20.00000,0.73080,0.72997,33.89610,328.17000,26.81000,22.98900,1.72660,2157.30000,2288.83000,5.68080,3.01360
09AR20080322,20080331,1150,-63.35050,139.83200,49.60000,49.00000,0.54070,0.53877,33.96300,320.59000,27.61000,29.39100,1.84300,2166.97000,2292.71000,5.49480,2.88070
09AR20080322,20080331,1150,-63.35050,139.83200,69.20000,69.00000,1.39670,1.39345,34.35660,210.89000,34.53000,61.88600,2.36680,2236.13000,2313.94000,2.57340,1.32430
09AR20080322,20080331,1150,-63.35050,139.83200,100.00000,99.00000,1.89820,1.89303,34.49600,181.14000,-9999.00000,71.29500,2.40560,2251.22000,2321.87000,1.37450,0.70260
09AR20080322,20080331,1150,-63.35050,139.83200,200.10000,198.00000,1.94480,1.93417,34.60910,173.87000,34.24000,78.66700,2.34740,2255.58000,2331.74000,0.79320,0.40110
09AR20080322,20080331,1150,-63.35050,139.83200,299.60000,296.00000,2.03250,2.01609,34.66890,175.84000,32.96000,80.12200,2.26980,2253.95000,2337.17000,0.45370,0.22910
09AR20080322,20080331,1150,-63.35050,139.83200,400.50000,396.00000,2.01800,1.99574,34.70050,181.17000,32.17000,80.89800,2.21160,2251.84000,2337.82000,0.33960,0.17190
09AR20080322,20080331,1150,-63.35050,139.83200,597.90000,591.00000,1.84690,1.81348,34.73180,189.37000,31.37000,84.97200,2.17280,2248.02000,2342.74000,0.24350,0.12390
09AR20080322,20080331,1150,-63.35050,139.83200,800.10000,791.00000,1.71540,1.67017,34.74290,194.41000,30.98000,88.56100,2.14370,2247.05000,2346.98000,0.21330,0.10590
09AR20080322,20080331,1150,-63.35050,139.83200,999.40000,987.00000,1.52340,1.46678,34.74310,198.44000,30.83000,93.70200,2.14370,2247.63000,2347.62000,0.17480,0.09090
09AR20080322,20080331,1150,-63.35050,139.83200,1300.20000,1284.00000,1.25380,1.17970,34.73390,201.65000,-9999.00000,101.07400,2.19220,2252.01000,2354.52000,0.17290,0.08690
09AR20080322,20080331,1150,-63.35050,139.83200,1602.50000,1581.00000,1.01820,0.92588,34.72210,204.13000,31.63000,107.86400,2.21160,2254.73000,2353.38000,0.18030,0.08920
09AR20080322,20080331,1150,-63.35050,139.83200,1900.60000,1874.00000,0.78220,0.67157,34.71050,207.78000,31.87000,114.75100,2.24070,2257.45000,2357.11000,0.19990,0.10170
09AR20080322,20080331,1150,-63.35050,139.83200,2200.60000,2168.00000,0.54930,0.41979,34.69940,212.08000,32.43000,121.25000,2.28920,2256.62000,2355.08000,0.27430,0.13510
09AR20080322,20080331,1150,-63.35050,139.83200,2500.40000,2462.00000,0.30120,0.15274,34.68350,217.59000,32.43000,118.72800,2.27950,2258.10000,2352.34000,0.65960,0.33800
09AR20080322,20080331,1150,-63.35050,139.83200,2800.70000,2755.00000,0.16350,-0.00670,34.68110,221.59000,32.21000,117.27300,2.27950,2256.69000,2353.91000,0.98110,0.49290
09AR20080322,20080331,1150,-63.35050,139.83200,3101.20000,3049.00000,0.03820,-0.15484,34.67610,227.19000,32.04000,117.27300,2.27950,2256.87000,2352.66000,1.21890,0.61700
09AR20080322,20080331,1150,-63.35050,139.83200,3400.50000,3341.00000,-0.12240,-0.33809,34.66440,234.67000,31.97000,115.62400,2.26010,2254.28000,2353.53000,1.66700,0.83740
09AR20080322,20080331,1150,-63.35050,139.83200,3701.10000,3634.00000,-0.35130,-0.58857,34.64700,246.96000,31.34000,101.07400,2.21160,2249.67000,2347.54000,2.45500,1.27150
09AR20080322,20080331,1150,-63.35050,139.83200,3782.50000,3713.00000,-0.38760,-0.63151,34.64360,249.39000,31.73000,100.29800,2.20190,2249.15000,2348.28000,2.55510,1.32760
09AR20080322,20080331,1150,-63.35050,139.83200,3829.50000,3758.00000,-0.41570,-0.66326,34.64150,250.45000,31.65000,99.42500,2.21160,2246.90000,2347.43000,2.65500,1.37050
09AR20080322,20080331,1816,-62.85020,139.85200,4.40000,4.00000,0.97320,0.97301,33.84920,328.54000,26.46000,24.05600,1.72660,2155.74000,2285.82000,5.71270,3.02340
09AR20080322,20080331,1816,-62.85020,139.85200,20.00000,20.00000,0.97760,0.97676,33.84960,328.74000,-9999.00000,-9999.00000,-9999.00000,-9999.00000,-9999.00000,-9999.00000,-9999.00000
09AR20080322,20080331,1816,-62.85020,139.85200,20.10000,20.00000,0.97950,0.97865,33.84980,328.74000,-9999.00000,-9999.00000,-9999.00000,-9999.00000,-9999.00000,-9999.00000,-9999.00000
09AR20080322,20080331,1816,-62.85020,139.85200,19.90000,20.00000,0.97730,0.97646,33.85170,328.75000,26.69000,24.25000,1.72660,2156.85000,2285.46000,5.54550,3.00970
09AR20080322,20080331,1816,-62.85020,139.85200,50.00000,50.00000,0.82560,0.82351,34.27890,233.02000,34.19000,56.93900,2.34740,2229.20000,2308.79000,3.29060,1.69280
09AR20080322,20080331,1816,-62.85020,139.85200,74.90000,74.00000,1.62710,1.62342,34.41210,197.06000,35.21000,66.25100,2.41530,2258.01000,2316.28000,2.04850,1.05430
09AR20080322,20080331,1816,-62.85020,139.85200,98.60000,98.00000,1.88010,1.87502,34.48190,183.67000,35.21000,70.51900,2.40560,2249.68000,2321.63000,1.44940,0.73720
09AR20080322,20080331,1816,-62.85020,139.85200,150.20000,149.00000,1.93030,1.92242,34.55520,175.79000,34.80000,75.46600,2.38620,2254.53000,2328.97000,1.04410,0.54170
09AR20080322,20080331,1816,-62.85020,139.85200,200.40000,198.00000,1.99460,1.98388,34.59660,173.87000,34.32000,77.50300,2.34740,2258.30000,2329.81000,0.77170,0.40170
09AR20080322,20080331,1816,-62.85020,139.85200,301.20000,298.00000,1.98100,1.96463,34.65600,175.08000,32.44000,80.31600,2.29890,2252.15000,2336.11000,0.52530,0.26530
09AR20080322,20080331,1816,-62.85020,139.85200,399.10000,395.00000,1.96430,1.94230,34.69680,178.23000,32.17000,81.57700,2.25040,2253.98000,2343.87000,0.38130,0.19570
09AR20080322,20080331,1816,-62.85020,139.85200,500.60000,495.00000,1.94980,1.92182,34.71980,184.37000,31.37000,83.12900,2.18250,2253.50000,2343.10000,0.26980,0.13620
09AR20080322,20080331,1816,-62.85020,139.85200,700.60000,693.00000,1.78150,1.74211,34.73390,189.41000,30.90000,87.10600,2.17280,2251.26000,2345.37000,0.25690,0.13170
09AR20080322,20080331,1816,-62.85020,139.85200,899.60000,889.00000,1.59030,1.53961,34.73880,196.05000,30.58000,91.56800,2.15340,2250.52000,2348.67000,0.23570,0.11990
09AR20080322,20080331,1816,-62.85020,139.85200,1100.40000,1087.00000,1.45260,1.38996,34.74180,199.41000,30.42000,96.03000,2.14370,2252.05000,2354.18000,0.16150,0.08420
09AR20080322,20080331,1816,-62.85020,139.85200,1200.00000,1185.00000,1.36650,1.29803,34.73880,199.87000,30.72000,98.84300,2.17280,2252.53000,2350.31000,0.20630,0.10890
09AR20080322,20080331,1816,-62.85020,139.85200,1500.00000,1480.00000,1.10840,1.02217,34.72760,203.44000,31.19000,106.60300,2.20190,2256.96000,2354.63000,0.15180,0.07990
09AR20080322,20080331,1816,-62.85020,139.85200,1801.40000,1776.00000,0.83640,0.73225,34.71250,207.09000,31.49000,113.39300,2.24070,2256.95000,2356.78000,0.20270,0.10380
09AR20080322,20080331,1816,-62.85020,139.85200,2099.80000,2069.00000,0.62050,0.49750,34.70190,210.03000,31.80000,119.11600,2.27950,2258.30000,2357.09000,0.23680,0.11550
09AR20080322,20080331,1816,-62.85020,139.85200,2399.80000,2363.00000,0.39130,0.24910,34.69050,215.30000,31.80000,122.31700,2.28920,2258.57000,2355.05000,0.41350,0.20810
09AR20080322,20080331,1816,-62.85020,139.85200,2699.10000,2656.00000,0.22850,0.06536,34.68390,220.33000,-9999.00000,123.19000,2.26980,2261.68000,2355.23000,0.61540,0.31530
09AR20080322,20080331,1816,-62.85020,139.85200,2999.50000,2950.00000,0.08500,-0.10031,34.67700,225.02000,-9999.00000,123.96600,2.26980,2258.09000,2355.39000,0.86890,0.43150
09AR20080322,20080331,1816,-62.85020,139.85200,3172.70000,3119.00000,-0.01520,-0.21322,34.67210,229.15000,-9999.00000,122.31700,2.26010,2257.42000,2354.09000,1.14550,0.58170
09AR20080322,20080331,1816,-62.85020,139.85200,3218.40000,3163.00000,-0.05670,-0.25775,34.66990,230.41000,-9999.00000,121.54100,2.26980,2257.49000,2353.51000,1.29920,0.64900
09AR20080322,20080401,0047,-62.36070,139.84100,5.20000,5.00000,1.89740,1.89714,33.78830,324.66000,25.63000,12.22200,1.62960,2137.98000,2279.64000,5.61200,2.99070
09AR20080322,20080401,0047,-62.36070,139.84100,5.10000,5.00000,1.89610,1.89585,33.78680,325.89000,-9999.00000,-9999.00000,-9999.00000,-9999.00000,-9999.00000,-9999.00000,-9999.00000
09AR20080322,20080401,0047,-62.36070,139.84100,5.20000,5.00000,1.89690,1.89664,33.78680,325.89000,-9999.00000,-9999.00000,-9999.00000,-9999.00000,-9999.00000,-9999.00000,-9999.00000
09AR20080322,20080401,0047,-62.36070,139.84100,30.40000,30.00000,1.55770,1.55627,33.80140,325.73000,25.78000,13.28900,1.65870,2141.60000,2281.60000,5.61750,2.98930
09AR20080322,20080401,0047,-62.36070,139.84100,49.90000,49.00000,1.37330,1.37102,33.81940,327.20000,25.86000,14.93800,1.69750,2146.03000,2281.60000,5.78590,3.04040
09AR20080322,20080401,0047,-62.36070,139.84100,74.60000,74.00000,-0.00770,-0.01028,34.04840,299.52000,30.17000,37.83000,2.11460,2188.10000,2293.06000,5.30150,2.74630
09AR20080322,20080401,0047,-62.36070,139.84100,100.70000,100.00000,1.29740,1.29273,34.29340,223.15000,33.27000,56.64800,2.30860,2226.19000,2308.59000,2.97490,1.54510
09AR20080322,20080401,0047,-62.36070,139.84100,150.70000,149.00000,1.94160,1.93370,34.45460,185.45000,35.24000,68.28800,2.38620,2244.42000,2321.42000,1.56370,0.80720
09AR20080322,20080401,0047,-62.36070,139.84100,201.60000,200.00000,1.99210,1.98134,34.51540,178.50000,35.24000,72.65300,2.37650,2248.24000,2324.74000,1.20440,0.61010
09AR20080322,20080401,0047,-62.36070,139.84100,300.10000,297.00000,2.11330,2.09669,34.61890,172.79000,34.20000,77.21200,2.28920,2250.87000,2334.01000,0.59750,0.31760
09AR20080322,20080401,0047,-62.36070,139.84100,500.70000,495.00000,2.03930,2.01098,34.69480,178.72000,32.48000,80.99500,2.19220,2249.87000,2338.94000,0.34250,0.17360
09AR20080322,20080401,0047,-62.36070,139.84100,702.30000,694.00000,1.95000,1.90956,34.72760,186.15000,31.38000,83.03200,2.13400,2245.61000,2341.50000,0.23110,0.12290
09AR20080322,20080401,0047,-62.36070,139.84100,1000.00000,988.00000,1.67440,1.61653,34.74610,195.23000,30.61000,89.82200,2.09520,2244.14000,2348.80000,0.15870,0.08070
09AR20080322,20080401,0047,-62.36070,139.84100,1301.30000,1285.00000,1.39230,1.31669,34.74160,200.09000,31.08000,97.97000,2.12430,2248.43000,2351.10000,0.15620,0.08130
09AR20080322,20080401,0047,-62.36070,139.84100,1602.20000,1581.00000,1.14390,1.05000,34.72940,202.26000,31.54000,105.34200,2.15340,2250.94000,2356.63000,0.15230,0.07760
09AR20080322,20080401,0047,-62.36070,139.84100,1999.40000,1971.00000,0.82590,0.70722,34.71010,206.35000,32.01000,113.39300,2.19220,2255.58000,2354.52000,0.22340,0.11910
09AR20080322,20080401,0047,-62.36070,139.84100,2301.20000,2267.00000,0.59770,0.45953,34.69890,210.65000,32.31000,119.11600,2.22130,2255.71000,2357.07000,0.30090,0.15350
09AR20080322,20080401,0047,-62.36070,139.84100,2601.00000,2560.00000,0.41250,0.25370,34.69100,215.42000,32.47000,123.57800,2.24070,2257.14000,2355.29000,0.33880,0.18120
09AR20080322,20080401,0047,-62.36070,139.84100,2901.20000,2854.00000,0.25760,0.07687,34.68460,219.03000,32.47000,127.26400,2.25040,2254.82000,2355.29000,0.52160,0.26020
09AR20080322,20080401,0047,-62.36070,139.84100,3201.40000,3147.00000,0.14560,-0.05882,34.68000,222.64000,32.63000,127.65200,2.25040,2254.36000,2356.29000,0.69180,0.33660
09AR20080322,20080401,0047,-62.36070,139.84100,3501.20000,3439.00000,0.04460,-0.18465,34.67590,226.85000,32.94000,126.48800,2.24070,2253.43000,2355.66000,0.93520,0.46280
09AR20080322,20080401,0047,-62.36070,139.84100,3801.20000,3731.00000,-0.04830,-0.30353,34.66940,231.50000,32.31000,124.93600,2.25040,2252.03000,2355.31000,1.36140,0.67270
09AR20080322,20080401,0047,-62.36070,139.84100,3952.40000,3878.00000,-0.14770,-0.41484,34.66180,236.84000,32.31000,122.80200,2.24070,2251.52000,2352.44000,1.82430,0.91270
09AR20080322,20080401,0047,-62.36070,139.84100,3995.50000,3920.00000,-0.19780,-0.46773,34.65900,241.02000,31.92000,116.78800,2.21160,2250.91000,2350.82000,2.03390,1.04590
09AR20080322,20080401,0655,-61.84970,139.84400,5.80000,6.00000,2.30310,2.30279,33.77930,321.37000,26.37000,11.73700,1.64900,2139.34000,2277.42000,5.47230,2.93000
09AR20080322,20080401,0655,-61.84970,139.84400,49.90000,49.00000,1.73810,1.73567,33.82050,321.44000,26.90550,12.07100,1.66944,-9999.00000,-9999.00000,-9999.00000,-9999.00000
09AR20080322,20080401,0655,-61.84970,139.84400,49.90000,49.00000,1.71500,1.71258,33.82140,321.44000,26.90550,12.07100,1.66944,-9999.00000,-9999.00000,-9999.00000,-9999.00000
09AR20080322,20080401,0655,-61.84970,139.84400,49.80000,49.00000,2.25840,2.25576,33.78130,321.96000,26.90000,12.02800,1.66840,2141.54000,2281.05000,5.52460,2.92950
09AR20080322,20080401,0655,-61.84970,139.84400,59.40000,59.00000,1.14870,1.14609,33.84860,329.66000,27.51000,17.36300,1.82360,2153.53000,2285.77000,5.86580,3.07810
09AR20080322,20080401,0655,-61.84970,139.84400,69.70000,69.00000,0.48380,0.48112,33.88460,331.30000,28.27000,21.34000,1.89150,2160.00000,2286.25000,6.02260,3.12030
09AR20080322,20080401,0655,-61.84970,139.84400,100.20000,99.00000,0.84480,0.84058,34.07930,279.15000,31.78000,37.83000,2.12430,2193.10000,2294.15000,4.70300,2.43070
09AR20080322,20080401,0655,-61.84970,139.84400,200.30000,198.00000,2.06480,2.05403,34.42120,187.75000,34.96000,64.89300,2.34740,2241.87000,2320.74000,1.71560,0.86200
09AR20080322,20080401,0655,-61.84970,139.84400,299.10000,296.00000,2.19200,2.17530,34.52440,173.98000,34.80000,71.39200,2.33770,2250.36000,2329.14000,1.02000,0.51640
09AR20080322,20080401,0655,-61.84970,139.84400,402.10000,398.00000,2.23750,2.21451,34.59480,172.02000,33.82000,74.10800,2.27950,2250.68000,2334.03000,0.64040,0.31890
09AR20080322,20080401,0655,-61.84970,139.84400,600.80000,594.00000,2.16850,2.13341,34.67850,176.55000,32.37000,77.98800,2.19220,2249.16000,2340.21000,0.33460,0.16550
09AR20080322,20080401,0655,-61.84970,139.84400,799.50000,790.00000,2.05980,2.01243,34.72250,185.12000,31.01000,80.21900,2.10490,2247.84000,2342.88000,0.21340,0.10640
09AR20080322,20080401,0655,-61.84970,139.84400,1000.10000,988.00000,1.94980,1.88975,34.73940,189.99000,30.61000,82.54700,2.08550,2245.78000,2345.23000,0.17330,0.08850
09AR20080322,20080401,0655,-61.84970,139.84400,1250.00000,1234.00000,1.74800,1.67238,34.74510,194.41000,30.61000,88.17300,2.08550,2248.13000,2350.50000,0.16890,0.08260
09AR20080322,20080401,0655,-61.84970,139.84400,1501.60000,1482.00000,1.52330,1.43204,34.74330,198.38000,30.68000,94.18700,2.08550,2248.00000,2354.34000,0.14760,0.07450
09AR20080322,20080401,0655,-61.84970,139.84400,1751.30000,1727.00000,1.27920,1.17256,34.73430,201.36000,31.07000,101.17100,2.11460,2253.14000,2353.17000,0.15290,0.07220
09AR20080322,20080401,0655,-61.84970,139.84400,2001.90000,1973.00000,1.07280,0.95007,34.72430,204.10000,31.37000,107.57300,2.16310,2256.21000,2358.41000,0.14930,0.07570
09AR20080322,20080401,0655,-61.84970,139.84400,2399.40000,2363.00000,0.75060,0.60178,34.70740,207.99000,31.84000,116.59400,2.21160,2258.03000,2357.58000,0.20400,0.10510
09AR20080322,20080401,0655,-61.84970,139.84400,2802.10000,2757.00000,0.47870,0.30167,34.69400,213.50000,32.23000,122.70500,2.24070,2257.29000,2358.45000,0.31130,0.14860
09AR20080322,20080401,0655,-61.84970,139.84400,3201.30000,3147.00000,0.27910,0.07149,34.68530,219.65000,32.16000,126.00300,2.25040,2259.40000,2360.04000,0.49380,0.24590
09AR20080322,20080401,0655,-61.84970,139.84400,3599.90000,3535.00000,0.13890,-0.10211,34.67890,224.72000,32.16000,128.04000,2.24070,2257.42000,2355.89000,0.70010,0.33560
09AR20080322,20080401,0655,-61.84970,139.84400,4000.70000,3925.00000,0.00620,-0.27021,34.67120,230.13000,32.16000,125.51800,2.24070,2253.90000,2354.23000,1.18310,0.57990
09AR20080322,20080401,0655,-61.84970,139.84400,4280.10000,4197.00000,-0.13510,-0.43560,34.65880,237.20000,31.91000,120.66800,2.21160,2254.87000,2352.42000,1.90190,0.95430
09AR20080322,20080401,0655,-61.84970,139.84400,4329.60000,4245.00000,-0.16130,-0.46609,34.65590,238.93000,31.84000,119.89200,2.20190,2252.24000,2352.75000,2.04530,1.03950
09AR20080322,20080401,1619,-61.35030,139.83900,4.60000,5.00000,2.31150,2.31126,33.78130,321.67000,26.20000,11.73700,1.66840,2134.61000,2279.01000,5.42130,2.88290
09AR20080322,20080401,1619,-61.35030,139.83900,30.20000,30.00000,2.26200,2.26041,33.78150,320.78000,26.10030,11.93020,1.67806,-9999.00000,-9999.00000,-9999.00000,-9999.00000
09AR20080322,20080401,1619,-61.35030,139.83900,30.40000,30.00000,2.26230,2.26069,33.78140,320.78000,26.09970,11.93170,1.67814,-9999.00000,-9999.00000,-9999.00000,-9999.00000
09AR20080322,20080401,1619,-61.35030,139.83900,30.30000,30.00000,2.26260,2.26100,33.78170,322.19000,26.10000,11.93100,1.67810,2141.26000,2278.11000,-9999.00000,-9999.00000
09AR20080322,20080401,1619,-61.35030,139.83900,50.20000,50.00000,2.21470,2.21206,33.78320,322.28000,26.23000,12.12500,1.67810,2141.08000,2278.07000,5.50020,2.93210
09AR20080322,20080401,1619,-61.35030,139.83900,68.80000,68.00000,0.35390,0.35133,33.89580,333.33000,28.18000,22.11600,1.91090,2163.18000,2284.90000,6.03500,3.12550
09AR20080322,20080401,1619,-61.35030,139.83900,99.30000,98.00000,0.89500,0.89077,34.10210,273.39000,32.15000,39.57600,2.13400,2196.90000,2295.28000,4.54350,2.36210
09AR20080322,20080401,1619,-61.35030,139.83900,201.70000,200.00000,2.04900,2.03819,34.40000,191.63000,35.05000,63.05000,2.34740,2239.55000,2319.86000,1.84760,0.93360
09AR20080322,20080401,1619,-61.35030,139.83900,300.80000,298.00000,2.25650,2.23954,34.52560,173.93000,34.61000,70.51900,2.32800,2252.54000,2325.09000,0.94670,0.48340
09AR20080322,20080401,1619,-61.35030,139.83900,400.60000,396.00000,2.16410,2.14145,34.58490,173.22000,34.11000,74.59300,2.29890,2256.81000,2332.11000,0.73340,0.36690
09AR20080322,20080401,1619,-61.35030,139.83900,500.20000,495.00000,2.19790,2.16901,34.63880,173.30000,33.67000,76.53300,2.25040,2254.81000,2336.13000,0.47400,0.23470
09AR20080322,20080401,1619,-61.35030,139.83900,699.80000,692.00000,2.11550,2.07433,34.69520,179.64000,32.51000,79.44300,2.18250,2247.24000,2339.67000,0.29690,0.15020
09AR20080322,20080401,1619,-61.35030,139.83900,898.30000,888.00000,2.01690,1.96325,34.72900,186.94000,31.35000,81.86800,2.11460,2246.53000,2343.57000,0.24790,0.12150
09AR20080322,20080401,1619,-61.35030,139.83900,1202.60000,1188.00000,1.79320,1.72048,34.74590,194.45000,30.77000,87.59100,2.09520,2238.22000,2347.43000,0.15940,0.08090
09AR20080322,20080401,1619,-61.35030,139.83900,1499.90000,1480.00000,1.52640,1.43522,34.74370,198.53000,30.91000,94.76900,2.11460,2247.43000,2351.22000,0.16060,0.07890
09AR20080322,20080401,1619,-61.35030,139.83900,1799.50000,1775.00000,1.26230,1.15226,34.73370,201.61000,31.12000,102.04400,2.12430,2250.75000,2354.25000,0.15850,0.07850
09AR20080322,20080401,1619,-61.35030,139.83900,2199.10000,2167.00000,0.95320,0.81692,34.71790,205.96000,31.75000,111.45300,2.18250,2254.55000,2354.65000,0.16310,0.08290
09AR20080322,20080401,1619,-61.35030,139.83900,2604.40000,2564.00000,0.64740,0.48364,34.70110,210.38000,32.04000,119.21300,2.21160,2256.58000,2357.07000,0.25560,0.12430
09AR20080322,20080401,1619,-61.35030,139.83900,3000.10000,2950.00000,0.39990,0.20741,34.69010,215.72000,32.37000,124.54800,2.22130,2258.69000,2356.61000,0.36590,0.17560
09AR20080322,20080401,1619,-61.35030,139.83900,3400.70000,3341.00000,0.24360,0.01861,34.68320,220.33000,32.35000,127.45800,2.24070,2257.11000,2357.30000,0.52560,0.25920
09AR20080322,20080401,1619,-61.35030,139.83900,3802.00000,3732.00000,0.11060,-0.14913,34.67650,226.02000,32.09000,127.36100,2.23100,2256.49000,2352.01000,0.84850,0.41640
09AR20080322,20080401,1619,-61.35030,139.83900,4202.90000,4122.00000,-0.06940,-0.36399,34.66370,234.32000,31.99000,118.34000,2.20190,2252.35000,2352.36000,1.67760,0.84790
09AR20080322,20080401,1619,-61.35030,139.83900,4345.90000,4261.00000,-0.15250,-0.45926,34.65820,238.71000,31.97000,112.61700,2.19220,2254.53000,2348.20000,1.99500,1.00430
09AR20080322,20080401,1619,-61.35030,139.83900,4388.20000,4302.00000,-0.17100,-0.48159,34.65740,240.62000,32.03000,111.35600,2.19220,2252.88000,2349.76000,2.12970,1.08790
09AR20080322,20080401,2317,-60.85030,139.85200,4.30000,4.00000,2.47400,2.47377,33.78260,-9999.00000,-9999.00000,-9999.00000,-9999.00000,-9999.00000,-9999.00000,-9999.00000,-9999.00000
09AR20080322,20080401,2317,-60.85030,139.85200,24.70000,24.00000,2.38420,2.38287,33.78710,322.10000,26.13840,11.53160,1.62924,-9999.00000,-9999.00000,-9999.00000,-9999.00000
09AR20080322,20080401,2317,-60.85030,139.85200,24.90000,25.00000,2.38420,2.38286,33.78720,322.10000,26.13520,11.50910,1.62853,-9999.00000,-9999.00000,-9999.00000,-9999.00000
09AR20080322,20080401,2317,-60.85030,139.85200,24.60000,24.00000,2.38210,2.38078,33.78750,322.10000,26.14000,11.54300,1.62960,-9999.00000,-9999.00000,-9999.00000,-9999.00000
09AR20080322,20080401,2317,-60.85030,139.85200,49.80000,49.00000,2.30180,2.29914,33.79190,322.49000,26.13000,11.44600,1.61990,-9999.00000,-9999.00000,-9999.00000,-9999.00000
09AR20080322,20080401,2317,-60.85030,139.85200,80.60000,80.00000,1.12660,1.12306,33.85330,330.24000,27.10000,18.13900,1.80420,-9999.00000,-9999.00000,-9999.00000,-9999.00000
09AR20080322,20080401,2317,-60.85030,139.85200,151.70000,150.00000,1.42270,1.41546,34.24070,234.46000,33.98000,51.89500,2.23100,-9999.00000,-9999.00000,-9999.00000,-9999.00000
09AR20080322,20080401,2317,-60.85030,139.85200,500.20000,495.00000,2.20160,2.17272,34.62030,172.96000,33.96000,76.33900,2.25040,-9999.00000,-9999.00000,-9999.00000,-9999.00000
09AR20080322,20080401,2317,-60.85030,139.85200,1008.00000,996.00000,1.98650,1.92562,34.73540,187.92000,-9999.00000,-9999.00000,-9999.00000,-9999.00000,-9999.00000,-9999.00000,-9999.00000
09AR20080322,20080401,2317,-60.85030,139.85200,1000.20000,988.00000,1.99110,1.93072,34.73470,188.81000,31.25000,83.12900,2.06610,2247.25000,2344.95000,0.18370,0.09360
09AR20080322,20080401,2317,-60.85030,139.85200,2006.90000,1978.00000,1.16970,1.04507,34.72920,202.82000,31.47810,106.09100,2.12503,-9999.00000,-9999.00000,-9999.00000,-9999.00000
09AR20080322,20080401,2317,-60.85030,139.85200,1999.00000,1971.00000,1.17510,1.05100,34.72900,203.30000,31.47000,105.92400,2.12430,2254.63000,2356.99000,0.13530,0.06580
09AR20080322,20080401,2317,-60.85030,139.85200,2201.30000,2169.00000,1.02340,0.88575,34.72170,204.52000,31.69000,110.09500,2.14370,2257.61000,2356.30000,0.15520,0.07640
09AR20080322,20080401,2317,-60.85030,139.85200,2505.80000,2467.00000,0.78990,0.63159,34.70910,208.19000,32.14660,117.19500,2.18274,-9999.00000,-9999.00000,-9999.00000,-9999.00000
09AR20080322,20080401,2317,-60.85030,139.85200,2498.50000,2460.00000,0.79390,0.63612,34.70850,207.78000,32.14000,117.07900,2.18250,2258.71000,2362.07000,0.20240,0.09890
09AR20080322,20080401,2317,-60.85030,139.85200,2802.00000,2757.00000,0.59390,0.41443,34.69870,211.95000,32.14000,120.86200,2.19220,2259.06000,2356.48000,0.26920,0.13300
09AR20080322,20080401,2317,-60.85030,139.85200,3099.90000,3048.00000,0.41380,0.21213,34.69020,216.51000,32.36000,124.16000,2.20190,2257.97000,2356.77000,0.40090,0.19520
09AR20080322,20080401,2317,-60.85030,139.85200,3411.20000,3352.00000,0.29000,0.06286,34.68570,220.02000,32.51390,127.58500,2.23110,-9999.00000,-9999.00000,-9999.00000,-9999.00000
09AR20080322,20080401,2317,-60.85030,139.85200,3399.40000,3340.00000,0.29400,0.06784,34.68910,219.90000,32.51000,127.45800,2.23100,2259.41000,2356.43000,0.48830,0.23860
09AR20080322,20080401,2317,-60.85030,139.85200,3699.10000,3632.00000,0.18920,-0.06267,34.68020,223.63000,32.51000,129.49500,2.21160,2258.44000,2355.95000,0.65630,0.32250
09AR20080322,20080401,2317,-60.85030,139.85200,4014.20000,3939.00000,0.08360,-0.19642,34.67580,228.15000,32.34030,129.01700,2.21121,-9999.00000,-9999.00000,-9999.00000,-9999.00000
09AR20080322,20080401,2317,-60.85030,139.85200,4000.30000,3925.00000,0.08920,-0.18958,34.67510,227.45000,32.35000,129.10700,2.21160,2257.90000,2355.89000,0.96750,0.47380
09AR20080322,20080401,2317,-60.85030,139.85200,4400.20000,4314.00000,-0.08300,-0.39762,34.66260,235.45000,32.04000,123.67500,2.19220,2256.63000,2351.66000,1.75990,0.88210
09AR20080322,20080401,2317,-60.85030,139.85200,4443.70000,4356.00000,-0.12510,-0.44295,34.65910,236.55000,-9999.00000,-9999.00000,-9999.00000,-9999.00000,-9999.00000,-9999.00000,-9999.00000
09AR20080322,20080402,0358,-60.84970,139.84900,5.80000,6.00000,2.65620,2.65588,33.77540,320.16000,26.45000,11.64000,1.67810,2137.47000,2279.98000,5.41370,2.89830
09AR20080322,20080402,0358,-60.84970,139.84900,24.80000,25.00000,2.62780,2.62642,33.77500,320.09000,26.43990,11.64000,1.68777,-9999.00000,-9999.00000,-9999.00000,-9999.00000
09AR20080322,20080402,0358,-60.84970,139.84900,24.90000,25.00000,2.63000,2.62861,33.77490,320.09000,26.44000,11.64000,1.68780,-9999.00000,-9999.00000,-9999.00000,-9999.00000
09AR20080322,20080402,0358,-60.84970,139.84900,24.90000,25.00000,2.62640,2.62501,33.77600,320.51000,26.44000,11.64000,1.68780,2137.84000,2278.63000,5.40420,2.89210
09AR20080322,20080402,0358,-60.84970,139.84900,50.10000,50.00000,2.45680,2.45406,33.78660,321.17000,26.58000,11.54300,1.67810,2139.18000,2278.66000,5.45260,2.92530
09AR20080322,20080402,0358,-60.84970,139.84900,74.50000,74.00000,1.95680,1.95302,33.82080,325.87000,27.11000,14.93800,1.76540,2146.33000,2278.54000,5.66680,3.02830
09AR20080322,20080402,0358,-60.84970,139.84900,99.40000,98.00000,0.25540,0.25173,33.95860,316.76000,30.00000,28.61500,1.98850,2172.70000,2288.57000,5.73860,2.98380
09AR20080322,20080402,0358,-60.84970,139.84900,150.90000,149.00000,1.37530,1.36816,34.24460,233.33000,34.19000,52.18600,2.26010,2217.10000,2304.97000,3.30160,1.73080
09AR20080322,20080402,0358,-60.84970,139.84900,199.80000,198.00000,1.96910,1.95853,34.38920,195.03000,35.28000,62.85600,2.34740,2236.45000,2313.16000,1.97720,1.01070
09AR20080322,20080402,0358,-60.84970,139.84900,300.90000,298.00000,2.20640,2.18958,34.49890,177.02000,35.42000,70.03400,2.35710,2247.11000,2322.17000,1.14630,0.57370
09AR20080322,20080402,0358,-60.84970,139.84900,400.10000,396.00000,2.26090,2.23797,34.57400,171.80000,34.46000,73.62300,2.29890,2251.01000,2329.21000,0.70570,0.36040
09AR20080322,20080402,0358,-60.84970,139.84900,499.20000,494.00000,2.21830,2.18941,34.62090,172.83000,33.82000,76.04800,2.26980,2250.20000,2334.48000,0.53510,0.27210
09AR20080322,20080402,0358,-60.84970,139.84900,600.70000,594.00000,2.17040,2.13533,34.65290,174.34000,33.15000,77.89100,2.21160,2250.13000,2337.79000,0.43720,0.21720
09AR20080322,20080402,0358,-60.84970,139.84900,700.90000,693.00000,2.13580,2.09446,34.68500,177.65000,32.75000,79.44300,2.18250,2248.63000,2338.93000,0.33800,0.17290
09AR20080322,20080402,0358,-60.84970,139.84900,800.80000,792.00000,2.07540,2.02787,34.70400,180.90000,32.35000,80.80100,2.15340,2247.46000,2340.27000,0.29180,0.14480
09AR20080322,20080402,0358,-60.84970,139.84900,899.10000,889.00000,2.03470,1.98088,34.72230,184.72000,31.95000,82.35300,2.14370,2246.67000,2342.70000,0.23070,0.11120
09AR20080322,20080402,0358,-60.84970,139.84900,1000.00000,988.00000,1.99460,1.93421,34.73550,189.11000,31.25000,83.12900,2.08550,2244.92000,2344.82000,-9999.00000,-9999.00000
09AR20080322,20080402,0358,-60.84970,139.84900,1199.90000,1185.00000,1.86380,1.79060,34.74610,192.88000,30.93000,86.42700,2.06610,2245.16000,2348.37000,0.15160,0.07630
09AR20080322,20080402,0358,-60.84970,139.84900,1398.50000,1381.00000,1.69180,1.60612,34.74710,196.14000,30.84000,91.27700,2.06610,2244.96000,2353.66000,0.14680,0.07130
09AR20080322,20080402,0358,-60.84970,139.84900,1599.30000,1578.00000,1.51870,1.42028,34.74490,199.53000,31.06000,96.22400,2.08550,2247.27000,2357.47000,0.12370,0.05700
09AR20080322,20080402,0358,-60.84970,139.84900,1801.00000,1776.00000,1.34560,1.23427,34.73800,201.49000,31.36000,101.46200,2.11460,2248.90000,2356.61000,0.12730,0.06060
09AR20080322,20080402,0358,-60.84970,139.84900,2001.00000,1973.00000,1.19810,1.07348,34.73110,203.44000,31.41000,106.02100,2.13400,2251.33000,2359.48000,0.14770,0.07090
09AR20080322,20080402,0358,-60.84970,139.84900,4401.40000,4315.00000,-0.07950,-0.39436,34.66330,236.23000,32.33000,124.25700,2.20190,2253.89000,2356.88000,1.75460,0.88150
09AR20080322,20080402,0358,-60.84970,139.84900,4450.90000,4363.00000,-0.12290,-0.44158,34.65880,238.23000,32.25000,125.03300,2.19220,2253.29000,2357.68000,1.97610,0.98350
09AR20080322,20080402,1145,-60.34950,139.85200,4.30000,4.00000,2.75370,2.75346,33.76760,320.34000,26.11000,11.93100,1.70720,2139.20000,2278.64000,5.31220,2.86100
09AR20080322,20080402,1145,-60.34950,139.85200,50.00000,50.00000,2.69090,2.68808,33.77310,320.63000,-9999.00000,-9999.00000,-9999.00000,-9999.00000,-9999.00000,-9999.00000,-9999.00000
09AR20080322,20080402,1145,-60.34950,139.85200,50.00000,50.00000,2.69420,2.69137,33.77260,320.63000,-9999.00000,-9999.00000,-9999.00000,-9999.00000,-9999.00000,-9999.00000,-9999.00000
09AR20080322,20080402,1145,-60.34950,139.85200,50.10000,50.00000,2.69570,2.69287,33.77230,320.51000,26.03000,11.93100,1.71690,2137.75000,2278.87000,5.32990,2.85380
09AR20080322,20080402,1145,-60.34950,139.85200,70.50000,70.00000,2.68770,2.68371,33.77440,320.68000,26.02000,12.02800,1.70720,2138.31000,2279.37000,5.38720,2.84170
09AR20080322,20080402,1145,-60.34950,139.85200,89.80000,89.00000,0.19790,0.19465,33.88720,334.03000,28.22000,22.21300,1.94000,2163.67000,2283.98000,6.04640,3.14070
09AR20080322,20080402,1145,-60.34950,139.85200,120.50000,119.00000,0.68950,0.68456,34.08930,277.56000,32.24000,39.47900,2.15340,2194.60000,2293.61000,4.58150,2.39530
09AR20080322,20080402,1145,-60.34950,139.85200,200.20000,198.00000,1.86610,1.85568,34.38410,196.85000,35.25000,63.05000,2.37650,2238.37000,2314.65000,1.98720,0.99350
09AR20080322,20080402,1145,-60.34950,139.85200,300.60000,298.00000,2.15130,2.13463,34.50210,176.80000,35.25000,70.81000,2.38620,2251.72000,2326.42000,1.15710,0.56280
09AR20080322,20080402,1145,-60.34950,139.85200,400.30000,396.00000,2.19080,2.16809,34.57160,171.97000,34.59000,74.49600,2.33770,2249.62000,2332.38000,0.78630,0.38280
09AR20080322,20080402,1145,-60.34950,139.85200,500.20000,495.00000,2.18200,2.15319,34.62290,172.27000,33.87000,76.72700,2.27950,2249.43000,2335.50000,0.51630,0.22870
09AR20080322,20080402,1145,-60.34950,139.85200,700.10000,692.00000,2.13730,2.09599,34.69340,178.42000,32.24000,79.63700,2.19220,2246.41000,2339.92000,0.29070,0.11860
09AR20080322,20080402,1145,-60.34950,139.85200,900.20000,890.00000,2.03900,1.98507,34.72470,184.81000,31.38000,81.38300,2.14370,2245.85000,2342.93000,0.21220,0.08890
09AR20080322,20080402,1145,-60.34950,139.85200,1199.80000,1185.00000,1.82800,1.75515,34.74610,193.49000,30.51000,86.62100,2.09520,2248.65000,2346.96000,0.15400,0.05940
09AR20080322,20080402,1145,-60.34950,139.85200,1499.70000,1480.00000,1.60490,1.51281,34.74610,197.97000,30.82000,92.73200,2.07580,2243.29000,2349.63000,0.13420,0.04340
09AR20080322,20080402,1145,-60.34950,139.85200,1800.70000,1776.00000,1.35210,1.24071,34.73800,201.05000,31.21000,99.91000,2.09520,2248.80000,2355.46000,0.12540,0.07040
09AR20080322,20080402,1145,-60.34950,139.85200,2199.40000,2167.00000,1.01190,0.87459,34.72170,204.78000,31.82000,110.28900,2.15340,2259.15000,2357.41000,0.15960,0.05130
09AR20080322,20080402,1145,-60.34950,139.85200,2600.00000,2560.00000,0.71940,0.55458,34.70520,209.22000,32.29000,117.95200,2.19220,2263.18000,2354.52000,0.21040,0.08830
09AR20080322,20080402,1145,-60.34950,139.85200,3000.50000,2951.00000,0.45920,0.26534,34.69260,214.86000,32.61000,123.67500,2.21160,2257.17000,2355.69000,0.33800,0.15100
09AR20080322,20080402,1145,-60.34950,139.85200,3402.10000,3343.00000,0.28140,0.05532,34.68500,220.07000,32.45000,126.10000,2.22130,2265.05000,2358.66000,0.53080,0.23890
09AR20080322,20080402,1145,-60.34950,139.85200,3801.40000,3732.00000,0.14950,-0.11125,34.67810,224.98000,32.45000,128.13700,2.20949,2253.72000,2355.07000,0.73480,0.33820
09AR20080322,20080402,1145,-60.34950,139.85200,4199.70000,4119.00000,0.00410,-0.29241,34.67000,231.45000,32.06000,124.93600,2.19220,2253.34000,2354.02000,1.27580,0.59920
09AR20080322,20080402,1145,-60.34950,139.85200,4439.90000,4353.00000,-0.08930,-0.40790,34.66200,235.84000,31.99000,123.67500,2.19220,2251.51000,2352.73000,1.78830,0.86170
09AR20080322,20080402,1145,-60.34950,139.85200,4490.20000,4401.00000,-0.10340,-0.42686,34.66080,236.88000,31.84000,123.67500,2.18250,2253.51000,2352.79000,1.88440,0.91970
09AR20080322,20080402,1841,-59.84880,139.85900,4.30000,4.00000,3.41840,3.41813,33.76560,314.66000,25.43000,6.11100,1.64900,2135.31000,2279.94000,5.12620,2.74770
09AR20080322,20080402,1841,-59.84880,139.85900,29.50000,29.00000,3.41620,3.41436,33.76410,314.16000,25.72000,6.11100,1.65870,-9999.00000,-9999.00000,-9999.00000,-9999.00000
09AR20080322,20080402,1841,-59.84880,139.85900,29.70000,29.00000,3.41770,3.41585,33.76420,314.16000,25.72050,6.11100,1.65879,-9999.00000,-9999.00000,-9999.00000,-9999.00000
09AR20080322,20080402,1841,-59.84880,139.85900,29.50000,29.00000,3.41940,3.41756,33.76620,314.31000,25.72000,6.11100,1.65870,2135.19000,2281.77000,5.14990,2.76300
09AR20080322,20080402,1841,-59.84880,139.85900,50.30000,50.00000,3.42060,3.41746,33.76500,314.53000,25.71000,6.11100,1.66840,2134.01000,2281.18000,5.11170,2.78680
09AR20080322,20080402,1841,-59.84880,139.85900,69.70000,69.00000,3.41180,3.40744,33.76620,314.53000,25.78000,6.20800,1.67810,-9999.00000,-9999.00000,5.15280,2.75570
09AR20080322,20080402,1841,-59.84880,139.85900,100.80000,100.00000,0.83120,0.82700,33.88440,324.22000,28.43000,19.98200,1.94970,2162.91000,2287.88000,5.86070,3.04180
09AR20080322,20080402,1841,-59.84880,139.85900,197.80000,196.00000,1.90600,1.89568,34.27340,219.48000,34.31000,51.99200,2.33770,-9999.00000,-9999.00000,2.84660,1.46940
09AR20080322,20080402,1841,-59.84880,139.85900,300.60000,298.00000,2.25500,2.23811,34.42920,184.07000,35.36000,64.50500,2.41530,2245.06000,2324.65000,1.56320,0.76410
09AR20080322,20080402,1841,-59.84880,139.85900,401.30000,397.00000,2.28120,2.25818,34.50380,176.07000,34.93000,69.06400,2.35710,2251.47000,2329.46000,1.09020,0.52790
09AR20080322,20080402,1841,-59.84880,139.85900,500.10000,495.00000,2.30520,2.27595,34.57300,172.71000,34.36000,72.75000,2.31830,-9999.00000,-9999.00000,0.74680,0.53120
09AR20080322,20080402,1841,-59.84880,139.85900,699.90000,692.00000,2.27080,2.22880,34.66120,175.78000,32.90000,76.24200,2.23100,2252.12000,2342.08000,0.35960,0.16620
09AR20080322,20080402,1841,-59.84880,139.85900,898.80000,888.00000,2.15710,2.10244,34.71070,182.64000,31.54000,78.66700,2.15340,-9999.00000,-9999.00000,0.22150,0.09320
09AR20080322,20080402,1841,-59.84880,139.85900,1200.40000,1186.00000,1.96430,1.89012,34.74350,191.58000,30.59000,83.03200,2.08550,-9999.00000,-9999.00000,0.14630,0.05810
09AR20080322,20080402,1841,-59.84880,139.85900,1500.60000,1481.00000,1.72780,1.63420,34.74820,196.49000,30.41000,89.62800,2.09520,2248.61000,2356.31000,0.15630,0.06130
09AR20080322,20080402,1841,-59.84880,139.85900,1799.80000,1775.00000,1.45700,1.34420,34.74270,200.92000,31.02000,97.48500,2.12430,-9999.00000,-9999.00000,0.12640,0.04570
09AR20080322,20080402,1841,-59.84880,139.85900,2198.90000,2167.00000,1.11860,0.97952,34.72660,204.57000,31.72000,107.96100,2.18250,2256.37000,2362.60000,0.12940,0.06740
09AR20080322,20080402,1841,-59.84880,139.85900,2600.30000,2560.00000,0.82720,0.66021,34.71090,208.04000,32.02000,116.30300,2.21160,-9999.00000,-9999.00000,0.19660,0.07630
09AR20080322,20080402,1841,-59.84880,139.85900,2999.10000,2950.00000,0.54600,0.35030,34.69620,213.60000,32.41000,123.48100,2.25040,-9999.00000,2361.47000,0.28370,0.12370
09AR20080322,20080402,1841,-59.84880,139.85900,3398.70000,3340.00000,0.34860,0.12115,34.68750,218.29000,32.63000,127.26400,2.26010,-9999.00000,-9999.00000,0.40880,0.18250
09AR20080322,20080402,1841,-59.84880,139.85900,3798.40000,3729.00000,0.21190,-0.05030,34.68240,223.12000,32.63000,131.04700,2.26010,2259.52000,2360.21000,0.59620,0.26660
09AR20080322,20080402,1841,-59.84880,139.85900,4198.00000,4118.00000,0.08860,-0.21030,34.67530,228.58000,32.46000,130.17400,2.26010,-9999.00000,-9999.00000,0.95150,0.44870
09AR20080322,20080402,1841,-59.84880,139.85900,4481.50000,4393.00000,-0.01590,-0.34125,34.66690,233.80000,32.22000,126.39100,2.24070,2257.78000,2358.01000,1.47910,0.71730
09AR20080322,20080402,1841,-59.84880,139.85900,4528.50000,4439.00000,-0.06750,-0.39620,34.66310,234.84000,32.26000,132.30800,2.26010,2258.08000,2357.44000,1.67890,0.82130
09AR20080322,20080403,0147,-59.34950,139.85200,3.50000,3.00000,3.31630,3.31609,33.75620,315.18000,25.89000,6.79000,1.64900,2130.44000,2282.49000,5.13190,2.80210
09AR20080322,20080403,0147,-59.34950,139.85200,40.40000,40.00000,3.30570,3.30322,33.75540,315.19000,-9999.00000,-9999.00000,-9999.00000,-9999.00000,-9999.00000,-9999.00000,-9999.00000
09AR20080322,20080403,0147,-59.34950,139.85200,40.40000,40.00000,3.30450,3.30202,33.75550,315.19000,-9999.00000,-9999.00000,-9999.00000,-9999.00000,-9999.00000,-9999.00000,-9999.00000
09AR20080322,20080403,0147,-59.34950,139.85200,40.20000,40.00000,3.29380,3.29134,33.75900,316.53000,25.92000,6.98400,1.63930,2130.21000,2280.56000,5.20330,2.79090
09AR20080322,20080403,0147,-59.34950,139.85200,80.10000,79.00000,2.57970,2.57522,33.79580,320.06000,26.50000,9.89400,1.77510,2139.80000,2281.35000,5.32040,2.87060
09AR20080322,20080403,0147,-59.34950,139.85200,105.40000,104.00000,0.74320,0.73887,33.91950,316.60000,29.38000,23.18300,1.95940,2162.50000,2289.36000,5.68930,2.96110
09AR20080322,20080403,0147,-59.34950,139.85200,150.80000,149.00000,1.34850,1.34143,34.13050,262.88000,32.53000,40.93400,2.17280,2197.03000,2301.82000,4.21800,2.19550
09AR20080322,20080403,0147,-59.34950,139.85200,250.90000,248.00000,2.18910,2.17527,34.37010,195.07000,35.00000,59.07300,2.33770,2231.64000,2320.16000,1.99410,0.98870
09AR20080322,20080403,0147,-59.34950,139.85200,349.10000,346.00000,2.27620,2.25637,34.46220,179.72000,34.99000,66.05700,2.35710,2246.38000,2326.08000,1.30900,0.64540
09AR20080322,20080403,0147,-59.34950,139.85200,452.20000,447.00000,2.27150,2.24538,34.53410,173.58000,34.74000,70.61600,2.33770,2243.71000,2335.50000,0.89550,0.43660
09AR20080322,20080403,0147,-59.34950,139.85200,551.20000,545.00000,2.27220,2.23985,34.59120,171.79000,34.25000,73.62300,2.30860,2250.62000,2337.98000,0.61970,0.30290
09AR20080322,20080403,0147,-59.34950,139.85200,800.80000,792.00000,2.19850,2.15021,34.68220,177.21000,32.52000,77.89100,2.19220,2249.74000,2344.26000,0.30780,0.13500
09AR20080322,20080403,0147,-59.34950,139.85200,1000.00000,988.00000,2.09570,2.03453,34.72030,183.99000,31.62000,79.63700,2.12430,2245.22000,2349.96000,0.21100,0.11220
09AR20080322,20080403,0147,-59.34950,139.85200,1250.20000,1235.00000,1.95360,1.87595,34.74310,191.45000,30.90000,83.22600,2.08550,2244.40000,2353.97000,0.15100,0.06290
09AR20080322,20080403,0147,-59.34950,139.85200,1499.50000,1480.00000,1.76500,1.67105,34.74920,195.71000,30.74000,87.97900,2.07580,2242.72000,2356.79000,0.12760,0.05030
09AR20080322,20080403,0147,-59.34950,139.85200,1749.20000,1726.00000,1.53900,1.42897,34.74490,199.36000,30.82000,94.57500,2.10490,2247.53000,2355.76000,0.12690,0.04190
09AR20080322,20080403,0147,-59.34950,139.85200,1999.00000,1971.00000,1.31880,1.19247,34.73680,201.48000,31.36000,101.55900,2.12430,2248.46000,2359.98000,0.12610,0.03800
09AR20080322,20080403,0147,-59.34950,139.85200,2400.30000,2364.00000,1.01260,0.85888,34.72070,204.96000,31.83000,110.58000,2.18250,2254.98000,2361.44000,0.15940,0.05440
09AR20080322,20080403,0147,-59.34950,139.85200,2799.50000,2755.00000,0.68330,0.50215,34.70400,210.38000,32.30000,119.21300,2.22130,2260.66000,2360.49000,0.22430,0.08980
09AR20080322,20080403,0147,-59.34950,139.85200,3200.70000,3147.00000,0.44810,0.23650,34.69280,215.56000,32.46000,125.42100,2.23100,2257.03000,2361.74000,0.34580,0.15240
09AR20080322,20080403,0147,-59.34950,139.85200,3599.70000,3536.00000,0.28120,0.03644,34.68520,220.42000,32.46000,128.81600,2.24070,2257.78000,2360.77000,0.47490,0.21070
09AR20080322,20080403,0147,-59.34950,139.85200,3999.00000,3925.00000,0.14940,-0.13100,34.67870,225.76000,32.69000,132.11400,2.24070,2252.06000,2362.92000,0.73910,0.33580
09AR20080322,20080403,0147,-59.34950,139.85200,4201.90000,4122.00000,0.09530,-0.20421,34.67570,227.72000,32.82000,135.02400,2.23100,2253.00000,2360.96000,0.93100,0.42790
09AR20080322,20080403,0147,-59.34950,139.85200,4260.90000,4179.00000,0.09240,-0.21313,34.67490,230.20000,32.44000,134.63600,2.24070,2256.44000,2364.42000,0.96120,0.44730
09AR20080322,20080403,0743,-58.84880,139.84200,4.00000,4.00000,3.77740,3.77714,33.74590,311.80000,24.95000,3.88000,1.61020,2127.50000,2278.19000,-9999.00000,-9999.00000
09AR20080322,20080403,0743,-58.84880,139.84200,25.50000,25.00000,3.78330,3.78164,33.74630,311.94000,-9999.00000,3.78317,1.60051,-9999.00000,-9999.00000,-9999.00000,-9999.00000
09AR20080322,20080403,0743,-58.84880,139.84200,25.40000,25.00000,3.78220,3.78055,33.74620,311.94000,-9999.00000,3.78300,1.60050,-9999.00000,-9999.00000,-9999.00000,-9999.00000
09AR20080322,20080403,0743,-58.84880,139.84200,25.40000,25.00000,3.78480,3.78314,33.74590,312.41000,-9999.00000,3.78300,1.60050,-9999.00000,-9999.00000,-9999.00000,-9999.00000
09AR20080322,20080403,0743,-58.84880,139.84200,49.90000,49.00000,3.76160,3.75835,33.74630,312.20000,25.64000,4.07400,1.61020,-9999.00000,-9999.00000,-9999.00000,-9999.00000
09AR20080322,20080403,0743,-58.84880,139.84200,74.60000,74.00000,3.68570,3.68087,33.75270,313.24000,26.10000,5.04400,1.62960,-9999.00000,-9999.00000,-9999.00000,-9999.00000
09AR20080322,20080403,0743,-58.84880,139.84200,150.40000,149.00000,1.31920,1.31223,33.94380,303.73000,30.68000,23.86200,1.94970,-9999.00000,-9999.00000,-9999.00000,-9999.00000
09AR20080322,20080403,0743,-58.84880,139.84200,500.60000,495.00000,2.37990,2.35037,34.50990,175.63000,35.22000,68.28800,2.31830,2247.48000,2331.06000,0.95240,0.46020
09AR20080322,20080403,0743,-58.84880,139.84200,1000.30000,989.00000,2.21860,2.15647,34.70260,182.16000,32.66000,77.79400,2.12430,2247.85000,2345.65000,0.22300,0.10250
09AR20080322,20080403,0743,-58.84880,139.84200,1009.00000,997.00000,2.21290,2.15020,34.70570,181.68000,-9999.00000,-9999.00000,-9999.00000,-9999.00000,-9999.00000,-9999.00000,-9999.00000
09AR20080322,20080403,0743,-58.84880,139.84200,1499.00000,1480.00000,1.86790,1.77279,34.74720,194.17000,-9999.00000,-9999.00000,-9999.00000,-9999.00000,-9999.00000,-9999.00000,-9999.00000
09AR20080322,20080403,0743,-58.84880,139.84200,2001.90000,1974.00000,1.42300,1.29483,34.73900,200.66000,31.96000,99.91000,2.09520,2250.80000,2358.14000,0.12520,0.05790
09AR20080322,20080403,0743,-58.84880,139.84200,2200.70000,2169.00000,1.26720,1.12546,34.73230,202.44000,32.10000,104.37200,2.11460,2252.93000,2360.55000,0.12450,0.04050
09AR20080322,20080403,0743,-58.84880,139.84200,2208.30000,2176.00000,1.25670,1.11451,34.73240,202.36000,32.11050,104.54900,2.11580,-9999.00000,-9999.00000,-9999.00000,-9999.00000
09AR20080322,20080403,0743,-58.84880,139.84200,2401.70000,2366.00000,1.08410,0.92895,34.72310,204.34000,32.57000,109.99800,2.15340,2255.93000,2362.35000,0.13580,0.04850
09AR20080322,20080403,0743,-58.84880,139.84200,2600.70000,2561.00000,0.94920,0.77977,34.71580,206.26000,32.47000,114.16900,2.17280,2256.56000,2362.80000,0.16270,0.07350
09AR20080322,20080403,0743,-58.84880,139.84200,3001.20000,2952.00000,0.63880,0.44083,34.69970,211.47000,32.77000,121.44400,2.19220,2257.86000,2363.27000,0.25330,0.11330
09AR20080322,20080403,0743,-58.84880,139.84200,3009.40000,2960.00000,0.63000,0.43149,34.70030,211.85000,32.77160,121.56600,2.19251,-9999.00000,-9999.00000,-9999.00000,-9999.00000
09AR20080322,20080403,0743,-58.84880,139.84200,3300.60000,3244.00000,0.48390,0.26224,34.69280,214.99000,32.83000,125.22700,2.20190,2257.06000,2362.79000,0.32940,0.15170
09AR20080322,20080403,0743,-58.84880,139.84200,3600.80000,3537.00000,0.34620,0.09962,34.68610,218.82000,32.89000,129.68900,2.22130,2258.40000,2357.61000,0.43280,0.19690
09AR20080322,20080403,0743,-58.84880,139.84200,3851.60000,3781.00000,0.26390,-0.00500,34.68240,221.68000,33.03000,132.69600,2.21160,2257.62000,2361.15000,0.55070,0.24900
09AR20080322,20080403,0743,-58.84880,139.84200,3858.30000,3788.00000,0.26220,-0.00733,34.68370,222.60000,33.03540,132.78500,2.21153,-9999.00000,-9999.00000,-9999.00000,-9999.00000
09AR20080322,20080403,0743,-58.84880,139.84200,3962.50000,3889.00000,0.21600,-0.06264,34.68000,222.80000,33.16000,134.24800,2.21160,2258.41000,2356.80000,0.63440,0.31900
09AR20080322,20080403,0743,-58.84880,139.84200,3962.10000,3889.00000,0.21640,-0.06222,34.68180,224.03000,33.15940,134.24200,2.21159,-9999.00000,-9999.00000,-9999.00000,-9999.00000
09AR20080322,20080403,1151,-58.85050,139.84000,6.10000,6.00000,3.80020,3.79980,33.74660,311.98000,24.56000,3.58900,1.64900,2126.47000,2276.41000,5.04090,2.68770
09AR20080322,20080403,1151,-58.85050,139.84000,26.40000,26.00000,3.78120,3.77948,33.74650,311.61000,24.52990,3.68667,1.62954,-9999.00000,-9999.00000,-9999.00000,-9999.00000
09AR20080322,20080403,1151,-58.85050,139.84000,26.40000,26.00000,3.78020,3.77848,33.74650,311.61000,24.52990,3.68667,1.62954,-9999.00000,-9999.00000,-9999.00000,-9999.00000
09AR20080322,20080403,1151,-58.85050,139.84000,26.30000,26.00000,3.78310,3.78139,33.74610,312.11000,24.53000,3.68600,1.62960,2126.54000,2273.44000,5.00550,2.68220
09AR20080322,20080403,1151,-58.85050,139.84000,50.10000,50.00000,3.76260,3.75933,33.74680,312.59000,24.66000,3.97700,1.62960,2127.81000,2272.65000,5.09080,2.70450
09AR20080322,20080403,1151,-58.85050,139.84000,75.50000,75.00000,3.70550,3.70060,33.75270,313.33000,-9999.00000,4.85000,1.66840,-9999.00000,-9999.00000,-9999.00000,-9999.00000
09AR20080322,20080403,1151,-58.85050,139.84000,101.70000,101.00000,1.79080,1.78576,33.82590,322.78000,27.34000,12.80400,1.91090,2146.10000,2278.26000,5.63110,2.96100
09AR20080322,20080403,1151,-58.85050,139.84000,150.70000,149.00000,1.70920,1.70172,33.99510,289.56000,30.81000,26.48100,2.04670,2174.24000,2283.58000,5.03140,2.64100
09AR20080322,20080403,1151,-58.85050,139.84000,201.20000,199.00000,1.72330,1.71315,34.12680,260.14000,32.68000,38.60600,2.19220,2196.64000,2293.19000,4.13560,2.12380
09AR20080322,20080403,1151,-58.85050,139.84000,251.60000,249.00000,1.89340,1.88021,34.21970,234.65000,33.76000,46.46300,2.26980,2211.39000,2299.43000,3.19970,1.62910
09AR20080322,20080403,1151,-58.85050,139.84000,300.40000,297.00000,2.10420,2.08776,34.30320,212.43000,34.69000,53.54400,2.33770,2224.13000,2307.71000,2.51470,1.26050
09AR20080322,20080403,1151,-58.85050,139.84000,351.80000,348.00000,2.31500,2.29494,34.38250,192.90000,35.14000,58.87900,2.37650,-9999.00000,-9999.00000,-9999.00000,-9999.00000
09AR20080322,20080403,1151,-58.85050,139.84000,401.10000,397.00000,2.34390,2.32075,34.42000,186.20000,35.12000,62.27400,2.38620,2238.91000,2317.58000,1.56780,0.76310
09AR20080322,20080403,1151,-58.85050,139.84000,503.40000,498.00000,2.34650,2.31694,34.49300,177.02000,35.01000,67.80300,2.39590,2245.44000,2322.41000,1.05740,0.51480
09AR20080322,20080403,1151,-58.85050,139.84000,600.40000,594.00000,2.33780,2.30204,34.56080,172.84000,33.86000,71.48900,2.28920,2249.64000,2331.40000,0.69820,0.36470
09AR20080322,20080403,1151,-58.85050,139.84000,701.90000,694.00000,2.33630,2.29386,34.61190,173.57000,33.72640,74.16260,2.25499,-9999.00000,-9999.00000,-9999.00000,-9999.00000
09AR20080322,20080403,1151,-58.85050,139.84000,799.80000,791.00000,2.29650,2.24770,34.65290,176.26000,33.53000,76.14500,2.22130,2250.32000,2340.94000,0.35840,0.16160
09AR20080322,20080403,1151,-58.85050,139.84000,899.70000,889.00000,2.25200,2.19664,34.68380,179.04000,32.84000,77.50300,2.18250,-9999.00000,-9999.00000,-9999.00000,-9999.00000
09AR20080322,20080403,1151,-58.85050,139.84000,1001.50000,990.00000,2.21270,2.15053,34.70700,182.60000,32.29000,78.18200,2.15340,2244.59000,2342.67000,0.20880,0.08700
09AR20080322,20080403,1151,-58.85050,139.84000,1199.80000,1185.00000,2.06380,1.98876,34.73010,187.24000,31.59000,81.86800,2.10490,2246.22000,2343.39000,0.18370,0.07090
09AR20080322,20080403,1151,-58.85050,139.84000,1299.90000,1284.00000,2.01490,1.93302,34.73980,190.59000,31.13000,82.74100,2.07580,2244.94000,2344.74000,0.15670,0.06620
09AR20080322,20080403,1151,-58.85050,139.84000,1500.20000,1481.00000,1.85890,1.76380,34.74920,194.32000,30.51000,85.84500,2.05640,2245.39000,2349.25000,0.14230,0.04860
09AR20080322,20080403,1151,-58.85050,139.84000,1699.60000,1677.00000,1.68500,1.57684,34.74690,197.44000,30.43000,90.69500,2.05640,2245.39000,2350.63000,0.12270,0.03840
09AR20080322,20080403,1151,-58.85050,139.84000,2000.40000,1972.00000,1.43630,1.30804,34.73980,200.61000,30.50000,97.87300,2.06610,-9999.00000,-9999.00000,-9999.00000,-9999.00000
09AR20080322,20080403,1837,-58.34930,139.85400,3.40000,3.00000,4.24490,4.24467,33.74330,308.64000,24.52000,2.13400,1.59080,2124.63000,2272.32000,4.82400,2.61860
09AR20080322,20080403,1837,-58.34930,139.85400,29.90000,30.00000,4.25850,4.25644,33.74370,308.18000,-9999.00000,-9999.00000,-9999.00000,-9999.00000,-9999.00000,-9999.00000,-9999.00000
09AR20080322,20080403,1837,-58.34930,139.85400,30.00000,30.00000,4.25690,4.25483,33.74370,308.18000,-9999.00000,-9999.00000,-9999.00000,-9999.00000,-9999.00000,-9999.00000,-9999.00000
09AR20080322,20080403,1837,-58.34930,139.85400,29.90000,30.00000,4.25680,4.25474,33.74350,308.48000,24.51000,2.13400,1.59080,2125.26000,2271.75000,4.87230,2.61700
09AR20080322,20080403,1837,-58.34930,139.85400,68.80000,68.00000,4.19060,4.18587,33.74640,309.20000,24.34000,2.52200,1.60050,2126.50000,2271.99000,4.90230,2.63290
09AR20080322,20080403,1837,-58.34930,139.85400,112.10000,111.00000,2.20060,2.19465,33.82610,316.39000,26.26000,12.31900,1.82360,2146.06000,2273.70000,5.43660,2.86260
09AR20080322,20080403,1837,-58.34930,139.85400,149.20000,148.00000,2.16270,2.15474,33.98920,288.35000,30.20000,23.47400,1.96910,2170.66000,2281.10000,5.03770,2.61840
09AR20080322,20080403,1837,-58.34930,139.85400,198.90000,197.00000,2.16010,2.14937,34.09330,266.68000,31.51000,32.10700,2.05640,2186.31000,2288.40000,4.34730,2.26460
09AR20080322,20080403,1837,-58.34930,139.85400,301.50000,298.00000,2.29190,2.27498,34.22620,228.61000,33.34000,44.03800,2.18296,2209.16000,2298.88000,3.12570,1.57190
09AR20080322,20080403,1837,-58.34930,139.85400,401.90000,398.00000,2.38290,2.35963,34.33310,202.17000,34.67000,53.64100,2.27950,2227.41000,2308.83000,2.16510,1.07500
09AR20080322,20080403,1837,-58.34930,139.85400,498.70000,493.00000,2.44010,2.41052,34.42650,185.20000,34.87000,61.69200,2.31830,2239.40000,2319.94000,1.44440,0.70580
09AR20080322,20080403,1837,-58.34930,139.85400,698.80000,691.00000,2.42410,2.38145,34.55190,174.11000,34.25000,70.32500,2.28920,2250.56000,2330.57000,0.72900,0.34890
09AR20080322,20080403,1837,-58.34930,139.85400,898.80000,889.00000,2.34370,2.28782,34.63700,174.87000,33.46000,74.59300,2.22130,2250.00000,2336.52000,0.38990,0.18250
09AR20080322,20080403,1837,-58.34930,139.85400,1098.00000,1085.00000,2.24330,2.17404,34.69240,180.68000,32.23000,77.40600,2.16310,2248.66000,2340.33000,0.25600,0.09850
09AR20080322,20080403,1837,-58.34930,139.85400,1400.30000,1383.00000,2.04420,1.95456,34.73720,189.54000,31.16000,81.86800,2.08550,2245.03000,2345.04000,0.16640,0.06840
09AR20080322,20080403,1837,-58.34930,139.85400,1700.10000,1677.00000,1.81830,1.70835,34.74770,195.62000,30.69000,87.59100,2.07580,2247.18000,2349.15000,0.12950,0.03080
09AR20080322,20080403,1837,-58.34930,139.85400,1999.60000,1972.00000,1.56440,1.43423,34.74410,199.36000,30.77000,95.25400,2.09520,2249.18000,2353.90000,0.10830,0.04840
09AR20080322,20080403,1837,-58.34930,139.85400,2299.70000,2266.00000,1.29080,1.14046,34.73250,202.18000,31.31000,103.01400,2.14370,2255.26000,2357.44000,0.13350,0.04660
09AR20080322,20080403,1837,-58.34930,139.85400,2600.30000,2560.00000,1.04760,0.87626,34.71880,205.43000,31.62000,111.16200,2.18250,2254.08000,2356.99000,0.15440,0.06380
09AR20080322,20080403,1837,-58.34930,139.85400,2899.20000,2853.00000,0.80060,0.60816,34.70740,208.99000,32.09000,118.14600,2.23100,2257.84000,2358.96000,0.20050,0.06850
09AR20080322,20080403,1837,-58.34930,139.85400,3199.30000,3146.00000,0.59560,0.38061,34.69890,212.64000,32.32000,122.60800,2.22130,2257.31000,2357.05000,0.27860,0.12450
09AR20080322,20080403,1837,-58.34930,139.85400,3600.30000,3537.00000,0.38300,0.13549,34.68850,218.20000,32.40000,130.07700,2.25040,2258.35000,2358.53000,0.42130,0.17870
09AR20080322,20080403,1837,-58.34930,139.85400,3978.60000,3905.00000,0.22930,-0.05134,34.68080,222.89000,32.48000,135.41200,2.25040,2258.52000,2359.98000,0.62140,0.30790
09AR20080322,20080403,1837,-58.34930,139.85400,4032.00000,3957.00000,0.21180,-0.07376,34.68160,223.89000,32.41000,135.89700,2.26010,2258.98000,2358.84000,0.65140,0.28310
09AR20080322,20080404,0015,-57.84970,139.85000,4.50000,4.00000,4.10600,4.10570,33.74880,308.77000,25.54000,2.61900,1.64900,2124.83000,2272.29000,5.01070,2.62530
09AR20080322,20080404,0015,-57.84970,139.85000,31.70000,31.00000,4.08390,4.08176,33.74840,308.76000,-9999.00000,-9999.00000,-9999.00000,-9999.00000,-9999.00000,-9999.00000,-9999.00000
09AR20080322,20080404,0015,-57.84970,139.85000,31.80000,32.00000,4.08580,4.08365,33.74840,308.76000,-9999.00000,-9999.00000,-9999.00000,-9999.00000,-9999.00000,-9999.00000,-9999.00000
09AR20080322,20080404,0015,-57.84970,139.85000,31.80000,32.00000,4.07240,4.07025,33.74820,309.12000,25.52000,2.61900,1.62960,2123.18000,2272.01000,4.93290,2.62700
09AR20080322,20080404,0015,-57.84970,139.85000,80.10000,79.00000,3.92700,3.92165,33.75050,310.67000,25.73000,3.58900,1.64900,2125.85000,2272.66000,5.10100,2.66040
09AR20080322,20080404,0015,-57.84970,139.85000,129.80000,129.00000,2.06570,2.05893,33.84780,313.17000,28.12000,14.16200,1.87210,2148.15000,2276.18000,5.46780,2.83760
09AR20080322,20080404,0015,-57.84970,139.85000,200.50000,199.00000,2.17970,2.16886,34.06780,272.64000,31.06000,29.77900,2.04670,2179.52000,2285.80000,4.67440,2.37150
09AR20080322,20080404,0015,-57.84970,139.85000,300.80000,298.00000,2.34990,2.33288,34.21970,231.14000,32.99000,42.38900,2.19220,2203.55000,2298.84000,3.28440,1.61910
09AR20080322,20080404,0015,-57.84970,139.85000,401.70000,398.00000,2.37080,2.34759,34.32640,203.65000,34.08000,53.54400,2.29890,2223.44000,2308.58000,2.29190,1.13260
09AR20080322,20080404,0015,-57.84970,139.85000,501.40000,496.00000,2.42630,2.39662,34.40800,187.72000,-9999.00000,60.23700,2.32800,2235.56000,2316.36000,1.57070,0.78770
09AR20080322,20080404,0015,-57.84970,139.85000,700.50000,693.00000,2.40050,2.35787,34.54590,173.67000,-9999.00000,70.71300,2.31830,2246.66000,2327.37000,0.76120,0.37400
09AR20080322,20080404,0015,-57.84970,139.85000,901.00000,891.00000,2.32560,2.26970,34.64010,174.22000,-9999.00000,75.46600,2.24070,2248.39000,2335.12000,0.40210,0.20350
09AR20080322,20080404,0015,-57.84970,139.85000,1101.30000,1088.00000,2.26040,2.19075,34.69670,180.64000,-9999.00000,76.92100,2.15340,2245.18000,2340.15000,0.23950,0.11090
09AR20080322,20080404,0015,-57.84970,139.85000,1301.00000,1285.00000,2.14570,2.06244,34.72600,185.89000,-9999.00000,79.05500,2.09520,2244.46000,2342.49000,0.17600,0.08820
09AR20080322,20080404,0015,-57.84970,139.85000,1600.10000,1579.00000,1.92470,1.82117,34.74800,192.93000,-9999.00000,84.68100,2.07580,2243.93000,2348.40000,0.13620,0.05830
09AR20080322,20080404,0015,-57.84970,139.85000,1900.50000,1874.00000,1.66300,1.53933,34.74820,197.70000,-9999.00000,92.05300,2.08550,2246.87000,2351.02000,0.12160,0.05370
09AR20080322,20080404,0015,-57.84970,139.85000,2199.10000,2167.00000,1.40610,1.26214,34.73960,200.61000,-9999.00000,100.97700,2.13479,2249.25000,2355.39000,0.12160,0.05180
09AR20080322,20080404,0015,-57.84970,139.85000,2499.70000,2462.00000,1.16180,0.99689,34.72720,203.35000,31.71000,108.34900,2.18250,2251.79000,2358.96000,0.13210,0.07210
09AR20080322,20080404,0015,-57.84970,139.85000,2798.80000,2755.00000,0.93090,0.74457,34.71580,206.35000,31.81000,116.10900,2.20190,2254.52000,2357.44000,0.17820,0.06970
09AR20080322,20080404,0015,-57.84970,139.85000,3099.70000,3049.00000,0.70610,0.49766,34.70440,210.26000,31.95000,121.44400,2.23100,2255.01000,2357.24000,0.23470,0.12040
09AR20080322,20080404,0015,-57.84970,139.85000,3399.60000,3341.00000,0.47480,0.24408,34.69360,215.03000,32.24000,128.04000,2.25040,2256.13000,2357.60000,0.34320,0.16490
09AR20080322,20080404,0015,-57.84970,139.85000,3699.30000,3633.00000,0.36480,0.10814,34.68850,218.12000,32.23000,132.21100,2.26010,2256.72000,2358.71000,0.44150,0.20940
09AR20080322,20080404,0015,-57.84970,139.85000,4002.00000,3928.00000,0.25840,-0.02547,34.68420,221.64000,32.53000,137.93400,2.26075,2258.41000,2359.35000,0.58760,0.28000
09AR20080322,20080404,0015,-57.84970,139.85000,4048.40000,3973.00000,0.24170,-0.04640,34.68260,222.77000,32.36000,137.83700,2.26010,2257.24000,2357.57000,0.61020,0.29300
09AR20080322,20080404,0711,-57.34830,139.87500,5.40000,5.00000,4.68840,4.68801,33.73330,305.66000,24.52000,1.74600,1.59080,2119.90000,2270.20000,4.76400,2.59150
09AR20080322,20080404,0711,-57.34830,139.87500,49.70000,49.00000,4.68700,4.68339,33.73510,306.45000,-9999.00000,-9999.00000,-9999.00000,-9999.00000,-9999.00000,-9999.00000,-9999.00000
09AR20080322,20080404,0711,-57.34830,139.87500,49.90000,49.00000,4.68670,4.68308,33.73500,306.45000,-9999.00000,-9999.00000,-9999.00000,-9999.00000,-9999.00000,-9999.00000,-9999.00000
09AR20080322,20080404,0711,-57.34830,139.87500,49.80000,49.00000,4.68710,4.68349,33.73490,305.88000,24.43000,1.84300,1.59080,2120.60000,2271.93000,4.69180,2.58780
09AR20080322,20080404,0711,-57.34830,139.87500,90.00000,89.00000,4.52140,4.51496,33.75580,307.26000,24.81000,3.49200,1.64900,2126.34000,2269.36000,4.89000,2.63570
09AR20080322,20080404,0711,-57.34830,139.87500,125.50000,124.00000,2.22090,2.21420,33.84980,310.91000,27.68000,13.96800,1.84300,2148.90000,2278.23000,5.36310,2.86970
09AR20080322,20080404,0711,-57.34830,139.87500,200.40000,198.00000,2.40540,2.39419,34.06580,272.47000,29.36000,27.35400,1.99820,2179.49000,2284.70000,4.52000,2.37590
09AR20080322,20080404,0711,-57.34830,139.87500,299.00000,296.00000,2.45840,2.44124,34.19260,236.41000,30.89000,38.41200,2.13400,2202.38000,2297.14000,3.46140,1.75990
09AR20080322,20080404,0711,-57.34830,139.87500,400.80000,397.00000,2.55870,2.53495,34.31070,205.91000,34.30000,49.08200,2.22130,2221.76000,2306.60000,2.30890,1.16220
09AR20080322,20080404,0711,-57.34830,139.87500,600.70000,594.00000,2.52490,2.48833,34.45990,180.33000,35.30000,63.43800,2.32800,2242.50000,2321.29000,1.18170,0.58420
09AR20080322,20080404,0711,-57.34830,139.87500,800.70000,792.00000,2.38830,2.33899,34.55690,173.49000,35.24000,71.78000,2.33770,2250.99000,2328.50000,0.71200,0.35820
09AR20080322,20080404,0711,-57.34830,139.87500,999.30000,988.00000,2.33410,2.27122,34.65150,175.44000,33.83000,75.95100,2.24070,2250.25000,2337.61000,0.35090,0.17400
09AR20080322,20080404,0711,-57.34830,139.87500,1202.00000,1187.00000,2.23970,2.16290,34.69990,181.08000,32.33000,77.79400,2.16310,2248.19000,2340.64000,0.22790,0.11610
09AR20080322,20080404,0711,-57.34830,139.87500,1400.90000,1383.00000,2.12240,2.03188,34.72960,187.55000,31.40000,80.51000,2.10490,2246.98000,2345.57000,0.16730,0.08070
09AR20080322,20080404,0711,-57.34830,139.87500,1701.70000,1679.00000,1.90600,1.79477,34.74860,193.88000,30.86000,86.03900,2.07580,2247.36000,2347.84000,0.12730,0.06250
09AR20080322,20080404,0711,-57.34830,139.87500,2001.60000,1974.00000,1.65040,1.51874,34.74770,198.14000,31.00000,93.31400,2.08550,2249.11000,2351.07000,0.11130,0.05570
09AR20080322,20080404,0711,-57.34830,139.87500,2399.30000,2364.00000,1.29120,1.13245,34.73410,203.26000,31.38000,104.08100,2.13400,2254.52000,2356.25000,0.12280,0.06230
09AR20080322,20080404,0711,-57.34830,139.87500,2701.80000,2660.00000,1.04250,0.86241,34.72110,205.26000,31.70000,111.64700,2.18250,2256.93000,2358.73000,0.13790,0.06800
09AR20080322,20080404,0711,-57.34830,139.87500,3000.90000,2952.00000,0.80620,0.60447,34.70950,208.95000,31.69000,117.37000,2.19220,2258.70000,2359.16000,0.20280,0.09620
09AR20080322,20080404,0711,-57.34830,139.87500,3299.80000,3244.00000,0.58340,0.35937,34.69830,213.20000,31.92000,122.99600,2.20190,2259.31000,2358.49000,0.28030,0.13870
09AR20080322,20080404,0711,-57.34830,139.87500,3600.40000,3537.00000,0.41810,0.16964,34.69160,217.29000,32.16000,127.94300,2.21160,2258.23000,2357.51000,0.39350,0.19400
09AR20080322,20080404,0711,-57.34830,139.87500,3900.80000,3830.00000,0.31310,0.03789,34.68610,220.11000,32.46000,134.44200,2.24070,2260.90000,2358.02000,0.50830,0.24980
09AR20080322,20080404,0711,-57.34830,139.87500,4121.60000,4044.00000,0.28950,-0.00753,34.68440,220.72000,32.23000,136.47900,2.24070,2260.53000,2359.54000,0.56270,0.27460
09AR20080322,20080404,0711,-57.34830,139.87500,4163.70000,4085.00000,0.29000,-0.01141,34.68470,221.63000,32.23000,136.86700,2.23100,2259.61000,2359.93000,0.57020,0.27990
09AR20080322,20080404,1409,-56.92920,139.84900,79.90000,79.00000,4.71550,4.70967,33.72660,-9999.00000,-9999.00000,-9999.00000,-9999.00000,-9999.00000,-9999.00000,-9999.00000,-9999.00000
09AR20080322,20080404,1409,-56.92920,139.84900,79.90000,79.00000,4.71530,4.70947,33.72660,-9999.00000,-9999.00000,-9999.00000,-9999.00000,-9999.00000,-9999.00000,-9999.00000,-9999.00000
09AR20080322,20080404,1409,-56.92920,139.84900,79.90000,79.00000,4.71520,4.70937,33.72670,-9999.00000,-9999.00000,-9999.00000,-9999.00000,-9999.00000,-9999.00000,-9999.00000,-9999.00000
09AR20080322,20080404,1409,-56.92920,139.84900,80.00000,79.00000,4.71610,4.71026,33.72670,-9999.00000,-9999.00000,-9999.00000,-9999.00000,-9999.00000,-9999.00000,-9999.00000,-9999.00000
09AR20080322,20080404,1409,-56.92920,139.84900,79.90000,79.00000,4.71730,4.71147,33.72650,-9999.00000,-9999.00000,-9999.00000,-9999.00000,-9999.00000,-9999.00000,-9999.00000,-9999.00000
09AR20080322,20080404,1409,-56.92920,139.84900,79.90000,79.00000,4.71730,4.71147,33.72650,-9999.00000,-9999.00000,-9999.00000,-9999.00000,-9999.00000,-9999.00000,-9999.00000,-9999.00000
09AR20080322,20080404,1409,-56.92920,139.84900,79.80000,79.00000,4.71710,4.71127,33.72660,-9999.00000,-9999.00000,-9999.00000,-9999.00000,-9999.00000,-9999.00000,-9999.00000,-9999.00000
09AR20080322,20080404,1409,-56.92920,139.84900,79.90000,79.00000,4.71640,4.71057,33.72660,-9999.00000,-9999.00000,-9999.00000,-9999.00000,-9999.00000,-9999.00000,-9999.00000,-9999.00000
09AR20080322,20080404,1409,-56.92920,139.84900,79.70000,79.00000,4.71650,4.71068,33.72660,-9999.00000,-9999.00000,-9999.00000,-9999.00000,-9999.00000,-9999.00000,-9999.00000,-9999.00000
09AR20080322,20080404,1409,-56.92920,139.84900,79.70000,79.00000,4.71640,4.71058,33.72660,-9999.00000,-9999.00000,-9999.00000,-9999.00000,-9999.00000,-9999.00000,-9999.00000,-9999.00000
09AR20080322,20080404,1409,-56.92920,139.84900,79.90000,79.00000,4.71630,4.71047,33.72660,-9999.00000,-9999.00000,-9999.00000,-9999.00000,-9999.00000,-9999.00000,-9999.00000,-9999.00000
09AR20080322,20080404,1409,-56.92920,139.84900,79.90000,79.00000,4.71600,4.71017,33.72650,-9999.00000,-9999.00000,-9999.00000,-9999.00000,-9999.00000,-9999.00000,-9999.00000,-9999.00000
09AR20080322,20080404,1409,-56.92920,139.84900,79.90000,79.00000,4.71620,4.71037,33.72660,-9999.00000,-9999.00000,-9999.00000,-9999.00000,-9999.00000,-9999.00000,-9999.00000,-9999.00000
09AR20080322,20080404,1409,-56.92920,139.84900,80.00000,79.00000,4.71600,4.71016,33.72650,-9999.00000,-9999.00000,-9999.00000,-9999.00000,-9999.00000,-9999.00000,-9999.00000,-9999.00000
09AR20080322,20080404,1409,-56.92920,139.84900,79.70000,79.00000,4.71520,4.70938,33.72650,-9999.00000,-9999.00000,-9999.00000,-9999.00000,-9999.00000,-9999.00000,-9999.00000,-9999.00000
09AR20080322,20080404,1409,-56.92920,139.84900,79.80000,79.00000,4.71520,4.70937,33.72650,-9999.00000,-9999.00000,-9999.00000,-9999.00000,-9999.00000,-9999.00000,-9999.00000,-9999.00000
09AR20080322,20080404,1409,-56.92920,139.84900,79.90000,79.00000,4.71590,4.71007,33.72640,-9999.00000,-9999.00000,-9999.00000,-9999.00000,-9999.00000,-9999.00000,-9999.00000,-9999.00000
09AR20080322,20080404,1409,-56.92920,139.84900,79.80000,79.00000,4.71610,4.71027,33.72650,-9999.00000,-9999.00000,-9999.00000,-9999.00000,-9999.00000,-9999.00000,-9999.00000,-9999.00000
09AR20080322,20080404,1409,-56.92920,139.84900,79.70000,79.00000,4.71630,4.71048,33.72650,-9999.00000,-9999.00000,-9999.00000,-9999.00000,-9999.00000,-9999.00000,-9999.00000,-9999.00000
09AR20080322,20080404,1409,-56.92920,139.84900,79.70000,79.00000,4.71690,4.71108,33.72660,-9999.00000,-9999.00000,-9999.00000,-9999.00000,-9999.00000,-9999.00000,-9999.00000,-9999.00000
09AR20080322,20080404,1409,-56.92920,139.84900,79.80000,79.00000,4.71700,4.71117,33.72650,-9999.00000,-9999.00000,-9999.00000,-9999.00000,-9999.00000,-9999.00000,-9999.00000,-9999.00000
09AR20080322,20080404,1409,-56.92920,139.84900,79.60000,79.00000,4.71670,4.71089,33.72620,-9999.00000,-9999.00000,-9999.00000,-9999.00000,-9999.00000,-9999.00000,-9999.00000,-9999.00000
09AR20080322,20080404,1409,-56.92920,139.84900,79.30000,79.00000,4.71350,4.70771,33.72530,-9999.00000,-9999.00000,-9999.00000,-9999.00000,-9999.00000,-9999.00000,-9999.00000,-9999.00000
09AR20080322,20080404,1409,-56.92920,139.84900,79.20000,78.00000,4.70860,4.70282,33.72480,-9999.00000,-9999.00000,-9999.00000,-9999.00000,-9999.00000,-9999.00000,-9999.00000,-9999.00000
09AR20080322,20080404,1629,-56.92930,139.85100,8.30000,8.00000,4.70260,4.70200,33.72000,305.18000,23.93000,1.35800,1.54230,2114.06000,2266.93000,4.68570,2.58230
09AR20080322,20080404,1629,-56.92930,139.85100,24.40000,24.00000,4.70580,4.70403,33.72120,305.23000,-9999.00000,-9999.00000,-9999.00000,-9999.00000,-9999.00000,-9999.00000,-9999.00000
09AR20080322,20080404,1629,-56.92930,139.85100,24.30000,24.00000,4.70330,4.70154,33.72030,305.23000,23.93000,1.26100,1.54230,-9999.00000,-9999.00000,-9999.00000,-9999.00000
09AR20080322,20080404,1629,-56.92930,139.85100,24.30000,24.00000,4.70310,4.70134,33.71980,305.45000,23.93000,1.26100,1.54230,2115.73000,2267.47000,4.65840,2.55360
09AR20080322,20080404,1629,-56.92930,139.85100,58.50000,58.00000,4.71910,4.71484,33.72550,305.23000,24.15000,1.26100,1.56170,2114.89000,2268.25000,4.66310,2.59470
09AR20080322,20080404,1629,-56.92930,139.85100,89.70000,89.00000,4.71630,4.70974,33.72790,305.23000,24.08000,1.35800,1.55200,2115.06000,2268.05000,4.68100,2.57190
09AR20080322,20080404,1629,-56.92930,139.85100,120.10000,119.00000,2.53470,2.52799,33.81920,314.02000,27.54000,10.96100,1.81390,2140.01000,2274.51000,5.27570,2.83640
09AR20080322,20080404,1629,-56.92930,139.85100,200.40000,198.00000,2.52800,2.51661,34.01190,284.92000,29.44000,21.53400,1.94000,2165.01000,2280.27000,-9999.00000,-9999.00000
09AR20080322,20080404,1629,-56.92930,139.85100,299.50000,297.00000,2.72920,2.71137,34.15340,247.68000,31.51000,32.20400,2.08550,2187.69000,2289.73000,3.78040,1.96390
09AR20080322,20080404,1629,-56.92930,139.85100,500.60000,495.00000,2.63860,2.60818,34.33290,201.02000,33.99000,50.34300,2.26980,2221.43000,2308.94000,2.06790,1.03710
09AR20080322,20080404,1629,-56.92930,139.85100,700.60000,693.00000,2.53550,2.49219,34.48360,178.37000,34.61000,63.92300,2.30860,2240.58000,2321.13000,1.05330,0.52180
09AR20080322,20080404,1629,-56.92930,139.85100,899.70000,890.00000,2.45880,2.40214,34.57400,173.54000,33.75000,69.74300,2.27950,2247.42000,2330.10000,-9999.00000,-9999.00000
09AR20080322,20080404,1629,-56.92930,139.85100,999.20000,988.00000,2.39920,2.33585,34.62720,174.53000,33.35000,72.45900,2.23100,2247.77000,2333.78000,0.37570,0.19110
09AR20080322,20080404,1629,-56.92930,139.85100,1200.80000,1186.00000,2.30340,2.22612,34.68380,179.56000,32.26000,75.07800,2.17280,2246.39000,2337.46000,0.25170,0.12810
09AR20080322,20080404,1629,-56.92930,139.85100,1399.40000,1382.00000,2.17380,2.08285,34.72270,185.68000,31.34000,77.69700,2.11460,2245.28000,2342.94000,0.17730,0.08590
09AR20080322,20080404,1629,-56.92930,139.85100,1599.30000,1579.00000,2.05040,1.94540,34.74100,190.45000,30.79000,80.89800,2.07580,2244.22000,2345.80000,-9999.00000,-9999.00000
09AR20080322,20080404,1629,-56.92930,139.85100,1799.70000,1776.00000,1.90220,1.78322,34.74940,194.32000,30.63000,84.97200,2.07580,2244.06000,2349.46000,0.10600,0.05330
09AR20080322,20080404,1629,-56.92930,139.85100,1999.70000,1972.00000,1.71460,1.58210,34.75180,197.27000,30.63000,89.72500,2.07580,2244.90000,2351.40000,0.10410,0.04710
09AR20080322,20080404,1629,-56.92930,139.85100,2499.90000,2462.00000,1.28940,1.12204,34.73510,202.26000,31.17000,103.40200,2.12430,2251.29000,2354.09000,0.11950,0.05670
09AR20080322,20080404,1629,-56.92930,139.85100,2998.60000,2950.00000,0.86640,0.66353,34.71270,207.91000,31.94000,115.72100,2.18250,2255.41000,2358.26000,0.16420,0.08020
09AR20080322,20080404,1629,-56.92930,139.85100,3400.70000,3343.00000,0.53840,0.30598,34.69600,214.91000,32.24000,124.93600,2.22130,2256.61000,2357.42000,0.29770,0.14350
09AR20080322,20080404,1629,-56.92930,139.85100,3801.10000,3733.00000,0.39230,0.12484,34.68970,218.20000,32.40000,131.62900,2.23100,2258.42000,2359.06000,0.42180,0.20300
09AR20080322,20080404,1629,-56.92930,139.85100,4133.40000,4056.00000,0.31510,0.01608,34.68730,220.72000,32.32000,136.86700,2.24070,2257.93000,2358.94000,0.53550,0.25830
09AR20080322,20080404,1629,-56.92930,139.85100,4178.60000,4100.00000,0.28350,-0.01926,34.68460,222.29000,32.24000,136.86700,2.23100,2257.48000,2358.54000,0.55600,0.26520
09AR20080322,20080405,0108,-56.42930,140.10100,10.70000,11.00000,4.66170,4.66093,33.72980,306.18000,24.64000,1.64900,1.55200,2121.09000,2269.33000,4.72250,2.61030
09AR20080322,20080405,0108,-56.42930,140.10100,39.90000,40.00000,4.66640,4.66351,33.73030,306.01000,-9999.00000,-9999.00000,-9999.00000,-9999.00000,-9999.00000,-9999.00000,-9999.00000
09AR20080322,20080405,0108,-56.42930,140.10100,39.90000,40.00000,4.66490,4.66201,33.73030,306.01000,-9999.00000,-9999.00000,-9999.00000,-9999.00000,-9999.00000,-9999.00000,-9999.00000
09AR20080322,20080405,0108,-56.42930,140.10100,39.80000,39.00000,4.66180,4.65892,33.72980,306.13000,24.77000,1.64900,1.56170,2118.65000,2269.68000,4.67850,2.58900
09AR20080322,20080405,0108,-56.42930,140.10100,79.80000,79.00000,4.65340,4.64761,33.73080,306.05000,24.76000,1.64900,1.57140,2119.94000,2269.05000,4.72300,2.62030
09AR20080322,20080405,0108,-56.42930,140.10100,130.50000,129.00000,2.34510,2.33800,33.82800,313.09000,28.22000,12.12500,1.80420,2147.39000,2272.27000,5.38210,2.88350
09AR20080322,20080405,0108,-56.42930,140.10100,199.60000,198.00000,2.51490,2.50357,34.02270,282.66000,29.87000,22.98900,1.93030,-9999.00000,2281.10000,4.81740,2.54030
09AR20080322,20080405,0108,-56.42930,140.10100,350.40000,347.00000,2.60670,2.58600,34.21890,229.53000,33.09000,40.25500,2.14370,2205.36000,2297.63000,3.11020,1.61050
09AR20080322,20080405,0108,-56.42930,140.10100,496.50000,491.00000,2.59800,2.56797,34.37800,192.04000,34.81000,55.87200,2.28920,2232.41000,2313.42000,1.71140,0.86910
09AR20080322,20080405,0108,-56.42930,140.10100,704.60000,697.00000,2.48860,2.44524,34.51500,175.54000,34.80000,67.70600,2.27950,2247.32000,2324.47000,0.86600,0.43600
09AR20080322,20080405,0108,-56.42930,140.10100,898.90000,889.00000,2.41630,2.35995,34.60560,173.61000,33.78000,72.75000,2.22130,2250.07000,2334.50000,0.46400,0.23200
09AR20080322,20080405,0108,-56.42930,140.10100,1102.80000,1090.00000,2.32040,2.25017,34.67350,178.08000,32.87000,75.85400,2.17280,2249.63000,2337.78000,0.26990,0.13310
09AR20080322,20080405,0108,-56.42930,140.10100,1300.70000,1285.00000,2.20630,2.12248,34.71320,183.94000,31.71000,77.98800,2.09520,2246.88000,2342.09000,0.20800,0.10380
09AR20080322,20080405,0108,-56.42930,140.10100,1498.60000,1480.00000,2.08650,1.98890,34.73680,189.98000,31.04000,80.99500,2.04670,2244.16000,2344.38000,0.15240,0.07280
09AR20080322,20080405,0108,-56.42930,140.10100,1801.10000,1777.00000,1.85030,1.73192,34.74940,195.36000,30.71000,87.39700,2.03700,2249.04000,2350.31000,0.11870,0.05750
09AR20080322,20080405,0108,-56.42930,140.10100,2102.10000,2072.00000,1.60080,1.46166,34.74570,199.01000,31.02000,94.57500,2.05640,2251.56000,2352.19000,0.11980,0.05820
09AR20080322,20080405,0108,-56.42930,140.10100,2402.20000,2367.00000,1.32550,1.16587,34.73550,202.14000,31.64000,103.49900,2.12430,2253.66000,2357.18000,0.11680,0.05600
09AR20080322,20080405,0108,-56.42930,140.10100,2703.60000,2662.00000,1.10090,0.91946,34.72310,205.08000,32.12000,110.77400,2.14370,2256.10000,2360.08000,0.13830,0.06460
09AR20080322,20080405,0108,-56.42930,140.10100,3001.10000,2953.00000,0.85350,0.65070,34.71090,208.69000,32.43000,118.14600,2.17280,2259.10000,2358.08000,0.18890,0.09020
09AR20080322,20080405,0108,-56.42930,140.10100,3301.20000,3246.00000,0.61430,0.38937,34.70110,213.90000,32.59000,124.74200,2.20190,2257.57000,2358.63000,0.28010,0.13520
09AR20080322,20080405,0108,-56.42930,140.10100,3601.60000,3539.00000,0.47850,0.22834,34.69320,216.03000,32.91000,131.24100,2.23100,2260.73000,2360.74000,0.37020,0.17800
09AR20080322,20080405,0108,-56.42930,140.10100,3900.00000,3829.00000,0.38510,0.10792,34.69030,218.64000,32.74000,134.53900,2.21160,2262.77000,2358.78000,0.46490,0.22140
09AR20080322,20080405,0108,-56.42930,140.10100,4127.40000,4050.00000,0.37110,0.07106,34.68690,219.33000,32.90000,135.80000,2.23100,2259.28000,2359.27000,0.47740,0.23090
09AR20080322,20080405,0108,-56.42930,140.10100,4178.30000,4100.00000,0.36260,0.05751,34.68610,219.86000,32.65000,135.41200,2.20190,2261.48000,2360.05000,0.50340,0.24580
09AR20080322,20080405,0733,-55.92870,140.41000,9.30000,9.00000,3.97260,3.97198,33.73940,311.59000,25.91000,4.65600,1.63930,2126.57000,2271.47000,4.96920,2.71270
09AR20080322,20080405,0733,-55.92870,140.41000,40.50000,40.00000,3.97430,3.97159,33.73930,311.61000,-9999.00000,-9999.00000,-9999.00000,-9999.00000,-9999.00000,-9999.00000,-9999.00000
09AR20080322,20080405,0733,-55.92870,140.41000,40.80000,40.00000,3.97350,3.97077,33.73930,311.61000,-9999.00000,-9999.00000,-9999.00000,-9999.00000,-9999.00000,-9999.00000,-9999.00000
09AR20080322,20080405,0733,-55.92870,140.41000,40.50000,40.00000,3.97230,3.96960,33.73960,311.59000,25.68000,3.58900,1.65870,2126.05000,2271.75000,5.01580,2.71410
09AR20080322,20080405,0733,-55.92870,140.41000,79.20000,78.00000,3.96460,3.95929,33.73960,311.59000,25.69000,3.58900,1.66840,2125.76000,2273.17000,5.01250,2.71100
09AR20080322,20080405,0733,-55.92870,140.41000,112.00000,111.00000,1.36440,1.35922,33.88500,315.53000,29.05000,18.23600,1.94000,2157.25000,2280.19000,5.57230,2.95310
09AR20080322,20080405,0733,-55.92870,140.41000,182.20000,180.00000,1.72630,1.71714,34.11520,264.80000,31.96000,37.44200,2.12430,2192.86000,2293.26000,4.33310,2.24340
09AR20080322,20080405,0733,-55.92870,140.41000,300.40000,297.00000,2.07590,2.05954,34.28970,214.12000,33.95000,52.57400,2.28920,2223.58000,2310.67000,2.66090,1.36010
09AR20080322,20080405,0733,-55.92870,140.41000,404.00000,400.00000,2.32860,2.30533,34.40780,187.33000,34.21000,61.01300,2.31830,2237.25000,2316.41000,-9999.00000,-9999.00000
09AR20080322,20080405,0733,-55.92870,140.41000,499.80000,495.00000,2.38150,2.35204,34.48280,177.72000,34.47000,66.73600,2.33770,2244.78000,2325.95000,1.11340,0.55740
09AR20080322,20080405,0733,-55.92870,140.41000,601.80000,595.00000,2.36510,2.32914,34.54250,173.28000,34.20000,70.61600,2.31830,2248.61000,2329.01000,-9999.00000,-9999.00000
09AR20080322,20080405,0733,-55.92870,140.41000,700.60000,693.00000,2.33160,2.28929,34.59690,172.01000,33.62000,73.81700,2.27950,2249.00000,2333.49000,0.55370,0.27900
09AR20080322,20080405,0733,-55.92870,140.41000,897.80000,888.00000,2.27290,2.21755,34.67080,176.82000,32.46000,75.66000,2.18250,2247.93000,2339.80000,0.30240,0.15180
09AR20080322,20080405,0733,-55.92870,140.41000,1099.80000,1087.00000,2.16530,2.09655,34.71210,182.77000,31.44000,77.89100,2.10490,2246.26000,2342.43000,0.21740,0.10710
09AR20080322,20080405,0733,-55.92870,140.41000,1299.40000,1284.00000,2.04080,1.95870,34.73760,189.37000,30.64000,81.86800,2.08550,2244.41000,2344.59000,-9999.00000,-9999.00000
09AR20080322,20080405,0733,-55.92870,140.41000,1497.30000,1478.00000,1.91050,1.81502,34.74770,193.62000,30.36000,84.68100,2.07580,2244.20000,2348.36000,0.13220,0.06450
09AR20080322,20080405,0733,-55.92870,140.41000,1801.50000,1777.00000,1.61940,1.50420,34.74660,198.66000,30.17000,92.63500,2.08550,2247.32000,2353.65000,0.12210,0.05970
09AR20080322,20080405,0733,-55.92870,140.41000,2098.90000,2069.00000,1.36940,1.23425,34.74210,201.35000,30.49000,100.20100,2.10490,2250.37000,2356.43000,0.11780,0.05720
09AR20080322,20080405,0733,-55.92870,140.41000,2400.30000,2365.00000,1.12090,0.96519,34.72580,204.43000,30.58000,106.89400,2.14370,2252.67000,2359.88000,0.13200,0.06540
09AR20080322,20080405,0733,-55.92870,140.41000,2700.00000,2658.00000,0.89680,0.71984,34.71460,207.43000,31.41000,113.29600,2.20190,2254.84000,2358.57000,0.16520,0.08130
09AR20080322,20080405,0733,-55.92870,140.41000,3002.20000,2954.00000,0.63650,0.43848,34.70190,211.90000,31.29000,120.47400,2.19220,2256.53000,2359.51000,0.25350,0.12480
09AR20080322,20080405,0733,-55.92870,140.41000,3249.30000,3195.00000,0.52350,0.30562,34.69670,214.59000,31.24000,125.61500,2.20190,2257.69000,2361.34000,0.33160,0.16360
09AR20080322,20080405,0733,-55.92870,140.41000,3551.30000,3490.00000,0.45380,0.20915,34.69300,216.21000,33.03000,130.65900,2.20190,2258.40000,2360.04000,0.38990,0.19150
09AR20080322,20080405,0733,-55.92870,140.41000,3652.10000,3588.00000,0.45120,0.19684,34.69200,216.60000,32.83000,132.50200,2.22130,2258.53000,2359.83000,0.39140,0.19060
09AR20080322,20080405,1552,-55.50150,140.73200,9.60000,10.00000,4.08130,4.08065,33.73470,312.46000,25.76000,3.39500,1.65870,2125.56000,2272.00000,4.93810,2.73310
09AR20080322,20080405,1552,-55.50150,140.73200,69.00000,68.00000,4.08320,4.07852,33.73450,312.98000,-9999.00000,-9999.00000,-9999.00000,-9999.00000,-9999.00000,-9999.00000,-9999.00000
09AR20080322,20080405,1552,-55.50150,140.73200,68.90000,68.00000,4.08430,4.07962,33.73450,313.04000,-9999.00000,-9999.00000,-9999.00000,-9999.00000,-9999.00000,-9999.00000,-9999.00000
09AR20080322,20080405,1552,-55.50150,140.73200,69.00000,68.00000,4.08120,4.07652,33.73470,312.38000,25.59000,3.29800,1.64900,2124.47000,2272.37000,4.95090,2.71740
09AR20080322,20080405,1552,-55.50150,140.73200,105.70000,105.00000,1.00790,1.00334,33.86140,306.40000,-9999.00000,-9999.00000,-9999.00000,-9999.00000,-9999.00000,-9999.00000,-9999.00000
09AR20080322,20080405,1552,-55.50150,140.73200,147.50000,146.00000,1.40760,1.40064,34.01740,290.64000,31.24000,29.87600,2.07580,2179.16000,2285.86000,4.76290,2.54880
09AR20080322,20080405,1552,-55.50150,140.73200,198.10000,196.00000,1.90200,1.89170,34.17720,244.48000,33.00000,42.77700,2.20190,2202.79000,2296.52000,3.64270,1.92080
09AR20080322,20080405,1552,-55.50150,140.73200,301.40000,298.00000,2.24860,2.23173,34.34090,201.43000,34.34000,55.67800,2.29890,2228.89000,2309.59000,2.03950,1.03650
09AR20080322,20080405,1552,-55.50150,140.73200,498.70000,494.00000,2.33740,2.30816,34.50870,176.37000,34.63000,69.45200,2.34740,2247.77000,2325.17000,1.02670,0.51480
09AR20080322,20080405,1552,-55.50150,140.73200,597.70000,591.00000,2.33400,2.29843,34.56000,173.49000,34.19000,72.45900,2.32800,2248.57000,2329.73000,0.72500,0.36420
09AR20080322,20080405,1552,-55.50150,140.73200,700.80000,693.00000,2.31410,2.27185,34.61640,174.01000,33.74000,75.07800,2.26980,-9999.00000,2334.20000,0.47340,0.23760
09AR20080322,20080405,1552,-55.50150,140.73200,897.10000,887.00000,2.23710,2.18203,34.68020,177.95000,32.57000,77.89100,2.19220,2247.84000,2340.60000,0.31380,0.15580
09AR20080322,20080405,1552,-55.50150,140.73200,1199.00000,1185.00000,2.06500,1.99000,34.73310,188.07000,31.24000,81.67400,2.11460,2248.74000,2344.40000,0.17480,0.08530
09AR20080322,20080405,1552,-55.50150,140.73200,1499.30000,1480.00000,1.83550,1.74075,34.74530,195.10000,30.72000,87.68800,2.08550,2245.03000,2349.58000,0.12300,0.06070
09AR20080322,20080405,1552,-55.50150,140.73200,1802.20000,1778.00000,1.57200,1.45744,34.73530,198.92000,30.79000,95.64200,2.10490,2248.29000,2355.80000,0.11470,0.06060
09AR20080322,20080405,1552,-55.50150,140.73200,2099.50000,2070.00000,1.29360,1.15964,34.73470,202.39000,31.15000,103.59600,2.13400,2251.55000,2354.51000,0.11680,0.05840
09AR20080322,20080405,1552,-55.50150,140.73200,2399.80000,2365.00000,1.06230,0.90770,34.72370,205.31000,31.37000,110.77400,2.17280,2254.19000,2359.78000,0.12920,0.06510
09AR20080322,20080405,1552,-55.50150,140.73200,2702.50000,2661.00000,0.83030,0.65449,34.71090,208.73000,31.67000,117.17600,2.19220,-9999.00000,2359.78000,0.19780,0.09590
09AR20080322,20080405,1552,-55.50150,140.73200,3000.50000,2952.00000,0.61430,0.41694,34.69990,212.81000,-9999.00000,123.48100,2.20190,2264.43000,2359.67000,0.27780,0.13410
09AR20080322,20080405,1552,-55.50150,140.73200,3294.90000,3240.00000,0.52140,0.29933,34.69710,216.90000,-9999.00000,127.62100,2.19220,-9999.00000,2359.34000,0.33750,0.16230
09AR20080322,20080405,1552,-55.50150,140.73200,3598.50000,3536.00000,0.48990,0.23974,34.69340,216.03000,-9999.00000,129.78600,2.21160,2263.22000,2359.81000,0.35970,0.17500
09AR20080322,20080405,1552,-55.50150,140.73200,3902.10000,3832.00000,0.46640,0.18672,34.69160,216.99000,-9999.00000,131.72600,2.20190,2258.01000,2360.28000,0.39250,0.18860
09AR20080322,20080405,1552,-55.50150,140.73200,4170.30000,4092.00000,0.47210,0.16457,34.69080,217.99000,32.30000,134.34500,2.23100,2258.91000,2359.90000,0.40950,0.19710
09AR20080322,20080405,1552,-55.50150,140.73200,4222.30000,4143.00000,0.47520,0.16209,34.69100,217.34000,32.14000,133.95700,2.23100,2260.70000,2360.12000,0.40870,0.20070
09AR20080322,20080405,2220,-55.01970,141.01800,28.30000,28.00000,4.12900,4.12708,33.73430,312.34000,-9999.00000,3.20100,1.62960,2130.30000,2272.46000,4.94170,2.74920
09AR20080322,20080405,2220,-55.01970,141.01800,49.10000,49.00000,4.12870,4.12536,33.73410,312.31000,24.84890,3.29847,1.60042,-9999.00000,-9999.00000,-9999.00000,-9999.00000
09AR20080322,20080405,2220,-55.01970,141.01800,49.20000,49.00000,4.13150,4.12815,33.73400,312.31000,24.84780,3.29893,1.60033,-9999.00000,-9999.00000,-9999.00000,-9999.00000
09AR20080322,20080405,2220,-55.01970,141.01800,49.00000,49.00000,4.12990,4.12656,33.73390,312.13000,24.85000,3.29800,1.60050,2128.33000,2272.49000,4.78600,2.63220
09AR20080322,20080405,2220,-55.01970,141.01800,70.60000,70.00000,4.08230,4.07751,33.73470,312.34000,25.15000,3.39500,1.61990,2131.33000,2272.44000,4.89010,2.70860
09AR20080322,20080405,2220,-55.01970,141.01800,107.60000,107.00000,1.39910,1.39411,33.84330,323.16000,27.50000,15.03500,1.92060,2156.89000,2277.93000,4.05160,2.20360
09AR20080322,20080405,2220,-55.01970,141.01800,149.60000,148.00000,1.51530,1.50811,34.02470,285.81000,30.86000,29.97300,2.02730,2183.55000,2286.31000,4.89220,2.57690
09AR20080322,20080405,2220,-55.01970,141.01800,397.50000,394.00000,2.33090,2.30800,34.43080,184.77000,35.23000,63.24400,2.31830,2244.43000,2317.76000,-9999.00000,-9999.00000
09AR20080322,20080405,2220,-55.01970,141.01800,499.80000,495.00000,2.34230,2.31297,34.50560,177.54000,34.98000,68.38500,2.30860,2251.44000,2324.30000,1.00110,0.50260
09AR20080322,20080405,2220,-55.01970,141.01800,701.90000,694.00000,2.30210,2.25984,34.61890,173.22000,33.69000,74.59300,2.24070,2255.72000,2335.28000,0.48140,0.23980
09AR20080322,20080405,2220,-55.01970,141.01800,901.00000,891.00000,2.23340,2.17809,34.68360,177.95000,32.42000,77.30900,2.15340,2251.51000,2340.03000,-9999.00000,-9999.00000
09AR20080322,20080405,2220,-55.01970,141.01800,1099.70000,1087.00000,2.12200,2.05362,34.72190,185.59000,31.48000,79.15200,2.09520,2247.75000,2341.28000,0.27940,0.13960
09AR20080322,20080405,2220,-55.01970,141.01800,1300.20000,1284.00000,1.99370,1.91201,34.74290,191.49000,30.71000,82.35300,2.05640,2246.64000,2347.36000,-9999.00000,-9999.00000
09AR20080322,20080405,2220,-55.01970,141.01800,1497.60000,1479.00000,1.83030,1.73573,34.74630,195.71000,30.56000,86.33000,2.04670,2248.54000,2348.74000,0.14550,0.07360
09AR20080322,20080405,2220,-55.01970,141.01800,1700.70000,1679.00000,1.64510,1.53738,34.74710,197.86000,30.66930,91.69600,2.06178,-9999.00000,-9999.00000,-9999.00000,-9999.00000
09AR20080322,20080405,2220,-55.01970,141.01800,1902.40000,1877.00000,1.46430,1.34340,34.74290,200.40000,30.89000,97.38800,2.08155,2255.08000,2355.46000,0.14480,0.07000
09AR20080322,20080405,2220,-55.01970,141.01800,2095.80000,2067.00000,1.27390,1.14056,34.73330,202.18000,31.24000,103.01400,2.10490,2254.78000,2356.76000,0.11920,0.05860
09AR20080322,20080405,2220,-55.01970,141.01800,2299.70000,2267.00000,1.09260,0.94575,34.72620,204.52000,31.49000,108.64000,2.13400,2257.12000,2357.45000,-9999.00000,-9999.00000
09AR20080322,20080405,2220,-55.01970,141.01800,2501.10000,2464.00000,0.93050,0.76989,34.71640,207.04000,31.74000,113.39300,2.15340,2258.90000,2358.40000,-9999.00000,-9999.00000
09AR20080322,20080405,2220,-55.01970,141.01800,2699.70000,2658.00000,0.76090,0.58676,34.70790,209.82000,32.08000,118.24300,2.17280,2262.67000,2357.58000,0.21310,0.10440
09AR20080322,20080405,2220,-55.01970,141.01800,2897.70000,2852.00000,0.63140,0.44277,34.70190,211.90000,32.25000,124.64500,2.19220,2261.35000,2358.12000,0.26960,0.13380
09AR20080322,20080405,2220,-55.01970,141.01800,3099.90000,3050.00000,0.60970,0.40348,34.69990,212.64000,32.27000,126.29400,2.19220,2261.17000,2360.21000,0.29030,0.14200
09AR20080322,20080405,2220,-55.01970,141.01800,3298.70000,3244.00000,0.60270,0.37830,34.69870,213.55000,32.22000,125.90600,2.19220,2261.98000,2360.77000,0.30210,0.14780
09AR20080322,20080405,2220,-55.01970,141.01800,3354.70000,3298.00000,0.60160,0.37195,34.69890,213.82000,32.24000,126.29400,2.19220,2260.99000,2359.37000,0.30150,0.15270
09AR20080322,20080406,0833,-54.52900,141.33300,7.40000,7.00000,4.26660,4.26609,33.72840,312.56000,25.53000,2.61900,1.61020,2123.62000,2271.67000,4.89080,2.68140
09AR20080322,20080406,0833,-54.52900,141.33300,39.90000,40.00000,4.25950,4.25674,33.72910,311.63000,-9999.00000,-9999.00000,-9999.00000,-9999.00000,-9999.00000,-9999.00000,-9999.00000
09AR20080322,20080406,0833,-54.52900,141.33300,39.60000,39.00000,4.26290,4.26016,33.72890,311.63000,-9999.00000,-9999.00000,-9999.00000,-9999.00000,-9999.00000,-9999.00000,-9999.00000
09AR20080322,20080406,0833,-54.52900,141.33300,39.30000,39.00000,4.26860,4.26588,33.72840,312.61000,25.49000,2.61900,1.59080,2124.65000,2271.84000,4.78780,2.68870
09AR20080322,20080406,0833,-54.52900,141.33300,81.20000,80.00000,4.21990,4.21429,33.73100,311.60000,25.45000,2.91000,1.60050,2126.42000,2272.27000,4.85560,2.69280
09AR20080322,20080406,0833,-54.52900,141.33300,110.10000,109.00000,1.32260,1.31756,33.84190,322.77000,28.31000,15.42300,1.92060,2152.60000,2277.79000,5.75230,3.03340
09AR20080322,20080406,0833,-54.52900,141.33300,139.30000,138.00000,1.22820,1.22187,33.92910,307.65000,30.30000,22.60100,1.96910,2166.33000,2280.49000,5.28050,2.85970
09AR20080322,20080406,0833,-54.52900,141.33300,251.10000,249.00000,2.01920,2.00577,34.22830,229.04000,34.16000,46.65700,2.22130,2211.67000,2301.05000,-9999.00000,-9999.00000
09AR20080322,20080406,0833,-54.52900,141.33300,351.20000,348.00000,2.25950,2.23965,34.36900,195.04000,35.42000,58.49100,2.29890,2234.39000,2312.20000,1.91350,0.98690
09AR20080322,20080406,0833,-54.52900,141.33300,451.00000,446.00000,2.36760,2.34126,34.46870,179.07000,35.71000,65.86300,2.31830,2243.36000,2324.32000,1.20010,0.59950
09AR20080322,20080406,0833,-54.52900,141.33300,600.00000,594.00000,2.35430,2.31849,34.55860,172.32000,35.01000,71.39200,2.28920,2249.13000,2329.85000,0.70920,0.35580
09AR20080322,20080406,0833,-54.52900,141.33300,700.10000,693.00000,2.32510,2.28284,34.60830,172.53000,34.23000,73.91400,2.24070,2249.84000,2333.23000,-9999.00000,-9999.00000
09AR20080322,20080406,0833,-54.52900,141.33300,898.50000,889.00000,2.24030,2.18512,34.67810,177.56000,32.91000,77.01800,2.18250,2249.85000,2338.68000,0.29640,0.14620
09AR20080322,20080406,0833,-54.52900,141.33300,1097.90000,1085.00000,2.13540,2.06704,34.71740,184.34000,31.68000,79.24900,2.10490,2246.79000,2342.32000,0.21170,0.10390
09AR20080322,20080406,0833,-54.52900,141.33300,1251.90000,1237.00000,2.05750,1.97872,34.73510,189.32000,31.01000,80.89800,2.06610,2244.92000,2344.57000,0.15230,0.07240
09AR20080322,20080406,0833,-54.52900,141.33300,1503.70000,1485.00000,1.85450,1.75919,34.74650,194.58000,30.51000,86.33000,2.04670,2245.52000,2349.43000,0.12480,0.06140
09AR20080322,20080406,0833,-54.52900,141.33300,1600.30000,1580.00000,1.76500,1.66344,34.74690,195.49000,30.49000,88.75500,2.04670,2247.72000,2349.91000,0.12780,0.06380
09AR20080322,20080406,0833,-54.52900,141.33300,1801.40000,1778.00000,1.58370,1.46901,34.74510,198.74000,30.56000,93.41100,2.06610,2247.64000,2351.73000,0.11350,0.05580
09AR20080322,20080406,0833,-54.52900,141.33300,2097.80000,2069.00000,1.30400,1.17001,34.73490,201.70000,30.70000,102.14100,2.10490,2251.25000,2355.83000,0.11510,0.05290
09AR20080322,20080406,0833,-54.52900,141.33300,2299.10000,2266.00000,1.13790,0.99030,34.72660,204.22000,30.99000,106.89400,2.12430,2254.36000,2357.85000,0.12550,0.06060
09AR20080322,20080406,0833,-54.52900,141.33300,2499.70000,2463.00000,0.95740,0.79639,34.71760,206.30000,31.13000,112.52000,2.14370,2256.06000,2359.69000,0.16420,0.07910
09AR20080322,20080406,0833,-54.52900,141.33300,2700.30000,2659.00000,0.76420,0.58994,34.70790,209.43000,31.42000,118.82500,2.16310,2257.79000,2360.74000,0.22230,0.10790
09AR20080322,20080406,0833,-54.52900,141.33300,2839.00000,2795.00000,0.68410,0.49949,34.70380,210.56000,31.33000,122.41400,2.17280,2258.20000,2359.70000,0.27530,0.13430
09AR20080322,20080406,0833,-54.52900,141.33300,2885.00000,2840.00000,0.68390,0.49525,34.70260,210.86000,31.16000,122.02600,2.17280,2258.10000,2361.51000,0.25590,0.12890
09AR20080322,20080406,1523,-54.07100,141.60100,4.60000,5.00000,4.32270,4.32238,33.73760,310.87000,25.46000,2.81300,1.61020,-9999.00000,-9999.00000,-9999.00000,-9999.00000
09AR20080322,20080406,1523,-54.07100,141.60100,23.30000,23.00000,4.32550,4.32388,33.73600,310.38000,25.29240,2.81300,1.61998,-9999.00000,-9999.00000,-9999.00000,-9999.00000
09AR20080322,20080406,1523,-54.07100,141.60100,23.30000,23.00000,4.32530,4.32368,33.73600,310.38000,25.29240,2.81300,1.61998,-9999.00000,-9999.00000,-9999.00000,-9999.00000
09AR20080322,20080406,1523,-54.07100,141.60100,23.90000,24.00000,4.32450,4.32284,33.73590,311.25000,25.29000,2.81300,1.61990,-9999.00000,-9999.00000,-9999.00000,-9999.00000
09AR20080322,20080406,1523,-54.07100,141.60100,49.30000,49.00000,4.32700,4.32356,33.73600,310.51000,25.28000,2.81300,1.60050,-9999.00000,-9999.00000,-9999.00000,-9999.00000
09AR20080322,20080406,1523,-54.07100,141.60100,74.20000,74.00000,4.32600,4.32082,33.73550,310.35000,25.12000,2.81300,1.61020,-9999.00000,-9999.00000,-9999.00000,-9999.00000
09AR20080322,20080406,1523,-54.07100,141.60100,96.80000,96.00000,4.11720,4.11058,33.73960,310.64000,25.24000,3.10400,1.61020,-9999.00000,-9999.00000,-9999.00000,-9999.00000
09AR20080322,20080406,1523,-54.07100,141.60100,149.40000,148.00000,1.67630,1.66893,33.96180,297.44000,29.45000,23.28000,1.94970,-9999.00000,-9999.00000,-9999.00000,-9999.00000
09AR20080322,20080406,1523,-54.07100,141.60100,500.30000,495.00000,2.36280,2.33339,34.46910,179.50000,33.97000,65.47500,2.31830,2250.37000,2321.53000,1.20540,0.60800
09AR20080322,20080406,1523,-54.07100,141.60100,999.30000,988.00000,2.24320,2.18096,34.69320,180.38000,-9999.00000,76.43600,2.11460,2253.38000,2339.17000,0.23780,0.12030
09AR20080322,20080406,1523,-54.07100,141.60100,1015.40000,1004.00000,2.23390,2.17060,34.69600,180.30000,-9999.00000,76.70390,2.11171,-9999.00000,-9999.00000,-9999.00000,-9999.00000
09AR20080322,20080406,1523,-54.07100,141.60100,1298.70000,1283.00000,2.06620,1.98390,34.73680,189.15000,31.32000,81.38300,2.06610,2250.83000,2346.79000,0.15850,0.07850
09AR20080322,20080406,1523,-54.07100,141.60100,1312.60000,1297.00000,2.04660,1.96347,34.73740,189.75000,31.30170,81.65960,2.06459,-9999.00000,-9999.00000,-9999.00000,-9999.00000
09AR20080322,20080406,1523,-54.07100,141.60100,1650.10000,1629.00000,1.77470,1.66920,34.74780,196.46000,30.93000,89.33700,2.04670,2252.98000,2349.91000,0.12140,0.05680
09AR20080322,20080406,1523,-54.07100,141.60100,1798.70000,1775.00000,1.63680,1.52158,34.74630,198.88000,30.98000,93.41100,2.07580,2253.68000,2353.33000,0.11430,0.05820
09AR20080322,20080406,1523,-54.07100,141.60100,1798.90000,1775.00000,1.63440,1.51920,34.74650,198.43000,30.98020,93.41720,2.07582,-9999.00000,-9999.00000,-9999.00000,-9999.00000
09AR20080322,20080406,1523,-54.07100,141.60100,2001.10000,1974.00000,1.42090,1.29282,34.73940,200.83000,31.17000,99.91000,2.08550,2257.58000,2354.29000,0.10830,0.05350
09AR20080322,20080406,1523,-54.07100,141.60100,2201.00000,2170.00000,1.22280,1.08178,34.73330,203.13000,31.40770,106.00700,2.11868,2259.68000,2356.35000,0.12570,0.06090
09AR20080322,20080406,1523,-54.07100,141.60100,2210.60000,2179.00000,1.21150,1.06989,34.72970,203.31000,31.42000,106.31200,2.12049,-9999.00000,-9999.00000,-9999.00000,-9999.00000
09AR20080322,20080406,1523,-54.07100,141.60100,2395.70000,2361.00000,1.03730,0.88351,34.72150,204.39000,31.75000,113.68400,2.15340,2263.06000,2363.33000,0.13060,0.06700
09AR20080322,20080406,1523,-54.07100,141.60100,2502.10000,2465.00000,0.94930,0.78824,34.71700,205.87000,31.78000,116.98200,2.16310,2264.34000,2359.70000,0.15040,0.07760
09AR20080322,20080406,1523,-54.07100,141.60100,2515.30000,2478.00000,0.94550,0.78341,34.71620,206.12000,31.76980,117.27100,2.16203,-9999.00000,-9999.00000,-9999.00000,-9999.00000
09AR20080322,20080406,1523,-54.07100,141.60100,2560.90000,2523.00000,0.94400,0.77807,34.71640,206.05000,31.69000,117.75800,2.14370,2264.76000,2359.52000,0.15440,0.07690
09AR20080322,20080406,1523,-54.07100,141.60100,2560.30000,2522.00000,0.94480,0.77890,34.71600,206.36000,31.69150,117.75500,2.14402,-9999.00000,-9999.00000,-9999.00000,-9999.00000
09AR20080322,20080406,1856,-54.06870,141.60700,4.10000,4.00000,4.35460,4.35431,33.73570,310.26000,25.87000,2.71600,1.61990,2125.25000,2271.28000,4.89040,2.67620
09AR20080322,20080406,1856,-54.06870,141.60700,22.50000,22.00000,4.35420,4.35263,33.73590,310.94000,-9999.00000,-9999.00000,-9999.00000,-9999.00000,-9999.00000,-9999.00000,-9999.00000
09AR20080322,20080406,1856,-54.06870,141.60700,22.70000,22.00000,4.35420,4.35262,33.73570,310.94000,-9999.00000,-9999.00000,-9999.00000,-9999.00000,-9999.00000,-9999.00000,-9999.00000
09AR20080322,20080406,1856,-54.06870,141.60700,22.20000,22.00000,4.35460,4.35305,33.73630,310.30000,25.87000,2.71600,-9999.00000,2124.65000,2273.05000,4.83800,2.68310
09AR20080322,20080406,1856,-54.06870,141.60700,48.40000,48.00000,4.35550,4.35212,33.73510,310.09000,26.01000,2.71600,1.61990,2124.99000,2277.12000,4.81150,2.66220
09AR20080322,20080406,1856,-54.06870,141.60700,74.30000,74.00000,4.35440,4.34919,33.73590,311.26000,25.94000,2.71600,1.61990,-9999.00000,-9999.00000,4.84980,2.67220
09AR20080322,20080406,1856,-54.06870,141.60700,97.50000,97.00000,4.25740,4.25062,33.73920,311.56000,26.00000,3.10400,1.62960,2126.20000,2277.44000,4.85300,2.68590
09AR20080322,20080406,1856,-54.06870,141.60700,147.40000,146.00000,1.45010,1.44312,33.92750,306.09000,30.27000,21.72800,1.94970,2166.03000,2283.10000,5.26950,2.83850
09AR20080322,20080406,1856,-54.06870,141.60700,200.40000,199.00000,1.86070,1.85038,34.08800,270.94000,32.00000,33.85300,2.06610,2187.51000,2292.78000,4.47130,2.33920
09AR20080322,20080406,1856,-54.06870,141.60700,248.10000,246.00000,2.01080,1.99757,34.18320,242.84000,-9999.00000,42.00100,2.16310,2203.94000,2298.56000,3.57200,1.86860
09AR20080322,20080406,1856,-54.06870,141.60700,300.20000,297.00000,2.22000,2.20330,34.27460,216.22000,34.14000,49.47000,2.24070,2219.18000,2305.18000,2.70950,1.39180
09AR20080322,20080406,1856,-54.06870,141.60700,349.30000,346.00000,2.27360,2.25384,34.33760,201.25000,34.69000,55.48400,2.28920,-9999.00000,-9999.00000,-9999.00000,-9999.00000
09AR20080322,20080406,1856,-54.06870,141.60700,396.80000,393.00000,2.36330,2.34037,34.38650,191.95000,34.53000,58.87900,2.28920,2235.62000,2314.97000,1.79560,0.89770
09AR20080322,20080406,1856,-54.06870,141.60700,498.70000,494.00000,2.36570,2.33638,34.46830,179.94000,34.37000,65.47500,2.30860,-9999.00000,-9999.00000,-9999.00000,-9999.00000
09AR20080322,20080406,1856,-54.06870,141.60700,597.90000,592.00000,2.36970,2.33397,34.53960,174.67000,33.93000,69.84000,2.27950,2249.13000,2328.89000,0.80890,0.39860
09AR20080322,20080406,1856,-54.06870,141.60700,701.40000,694.00000,2.34080,2.29839,34.59240,173.19000,33.20000,72.65300,2.24070,2250.46000,2334.85000,0.56620,0.28740
09AR20080322,20080406,1856,-54.06870,141.60700,800.90000,792.00000,2.31440,2.26543,34.63920,175.09000,32.62000,74.30200,2.20190,2250.07000,2336.31000,0.42690,0.21500
09AR20080322,20080406,1856,-54.06870,141.60700,900.70000,891.00000,2.29050,2.23483,34.66690,176.56000,-9999.00000,75.95100,2.17280,2250.07000,2341.57000,0.32630,0.15990
09AR20080322,20080406,1856,-54.06870,141.60700,997.70000,986.00000,2.24530,2.18316,34.69180,180.12000,-9999.00000,77.50300,2.15340,-9999.00000,-9999.00000,-9999.00000,-9999.00000
09AR20080322,20080406,1856,-54.06870,141.60700,1096.80000,1084.00000,2.18310,2.11441,34.71320,183.81000,-9999.00000,78.66700,2.10490,2246.91000,2347.19000,0.23660,0.11570
09AR20080322,20080406,1856,-54.06870,141.60700,1201.90000,1188.00000,2.12980,2.05399,34.72540,186.63000,-9999.00000,79.73400,2.08550,-9999.00000,-9999.00000,-9999.00000,-9999.00000
09AR20080322,20080406,1856,-54.06870,141.60700,1300.80000,1285.00000,2.07130,1.98879,34.73550,189.54000,-9999.00000,81.38300,2.05640,2245.67000,2343.89000,0.16410,0.08050
09AR20080322,20080406,1856,-54.06870,141.60700,1395.90000,1379.00000,1.99080,1.90206,34.74330,191.84000,-9999.00000,82.93500,2.05640,-9999.00000,-9999.00000,-9999.00000,-9999.00000
09AR20080322,20080406,1856,-54.06870,141.60700,1502.90000,1484.00000,1.89930,1.80352,34.74770,194.32000,30.70000,85.36000,2.03700,2246.01000,2347.45000,0.13350,0.06470
09AR20080322,20080407,0029,-53.58230,141.86100,6.70000,7.00000,5.83770,5.83715,33.74920,302.13000,22.73000,2.03700,1.51320,2111.22000,2268.49000,4.52310,2.54270
09AR20080322,20080407,0029,-53.58230,141.86100,30.30000,30.00000,5.83210,5.82963,33.74950,302.30000,-9999.00000,-9999.00000,-9999.00000,-9999.00000,-9999.00000,-9999.00000,-9999.00000
09AR20080322,20080407,0029,-53.58230,141.86100,30.20000,30.00000,5.83230,5.82984,33.74950,302.30000,-9999.00000,-9999.00000,-9999.00000,-9999.00000,-9999.00000,-9999.00000,-9999.00000
09AR20080322,20080407,0029,-53.58230,141.86100,30.10000,30.00000,5.83140,5.82895,33.74940,301.95000,22.66000,2.03700,1.52290,2111.81000,2270.44000,4.48620,2.51560
09AR20080322,20080407,0029,-53.58230,141.86100,71.60000,71.00000,5.83240,5.82654,33.74960,301.83000,22.67000,2.03700,1.51320,2112.62000,2270.62000,4.51050,2.54620
09AR20080322,20080407,0029,-53.58230,141.86100,110.70000,110.00000,3.16170,3.15494,33.87990,302.01000,26.34000,12.80400,1.73630,2142.23000,2275.76000,5.15520,2.83130
09AR20080322,20080407,0029,-53.58230,141.86100,148.60000,147.00000,3.20670,3.19751,33.94530,291.61000,27.01000,15.13200,1.78480,2151.13000,2276.17000,4.97580,2.69630
09AR20080322,20080407,0029,-53.58230,141.86100,199.00000,197.00000,3.55620,3.54321,34.07850,263.02000,28.71000,20.17600,1.91090,2168.00000,2279.57000,4.39070,2.34060
09AR20080322,20080407,0029,-53.58230,141.86100,299.20000,296.00000,2.85050,2.83240,34.14930,250.03000,30.26000,30.16700,2.02730,2184.10000,2290.33000,3.81880,1.99510
09AR20080322,20080407,0029,-53.58230,141.86100,399.40000,395.00000,2.81050,2.78606,34.26070,218.14000,31.89000,41.12800,2.17280,2207.42000,2298.91000,2.77390,1.42090
09AR20080322,20080407,0029,-53.58230,141.86100,497.20000,492.00000,2.80950,2.77860,34.35740,197.13000,-9999.00000,50.53700,-9999.00000,2221.36000,2310.35000,1.85750,0.94260
09AR20080322,20080407,0029,-53.58230,141.86100,600.30000,594.00000,2.71670,2.67927,34.42630,184.43000,-9999.00000,58.00600,-9999.00000,2233.64000,2317.92000,1.32260,0.66320
09AR20080322,20080407,0029,-53.58230,141.86100,700.80000,693.00000,2.58400,2.54039,34.49030,177.42000,34.94000,64.69900,2.30860,2241.60000,2323.68000,0.93810,0.46760
09AR20080322,20080407,0029,-53.58230,141.86100,802.70000,794.00000,2.51610,2.46585,34.54310,174.11000,34.81000,68.48200,2.28920,2245.28000,2328.31000,0.68190,0.34670
09AR20080322,20080407,0029,-53.58230,141.86100,902.20000,892.00000,2.46990,2.41296,34.58870,174.02000,34.28000,71.10100,2.25040,2245.54000,2331.18000,0.50310,0.25210
09AR20080322,20080407,0029,-53.58230,141.86100,998.40000,987.00000,2.42050,2.35704,34.63130,174.79000,33.60000,73.04100,2.21160,2246.99000,2336.43000,0.37600,0.18800
09AR20080322,20080407,0029,-53.58230,141.86100,1197.20000,1183.00000,2.32420,2.24697,34.69400,180.47000,32.11000,75.85400,2.14370,2246.13000,2342.71000,0.18290,0.09380
09AR20080322,20080407,0029,-53.58230,141.86100,1398.10000,1381.00000,2.21640,2.12509,34.72270,184.20000,31.43000,79.44300,2.10490,2246.78000,2347.96000,0.12620,0.06210
09AR20080322,20080407,0029,-53.58230,141.86100,1699.60000,1678.00000,1.98660,1.87449,34.74450,190.50000,30.83000,85.16600,2.08550,2246.89000,2352.23000,0.10040,0.04900
09AR20080322,20080407,0029,-53.58230,141.86100,2001.20000,1974.00000,1.72050,1.58780,34.74730,196.01000,30.69000,91.56800,2.07580,2247.55000,2354.59000,0.09320,0.04610
09AR20080322,20080407,0029,-53.58230,141.86100,2197.50000,2167.00000,1.53820,1.39216,34.74200,199.39000,30.63000,96.41800,2.09520,2250.14000,2356.63000,0.09420,0.04740
09AR20080322,20080407,0029,-53.58230,141.86100,2398.60000,2364.00000,1.39730,1.23668,34.73660,204.13000,30.81000,100.49200,2.11460,2250.96000,2357.75000,0.09500,0.04540
09AR20080322,20080407,0029,-53.58230,141.86100,2604.70000,2566.00000,1.18540,1.01095,34.72720,207.64000,30.84000,107.37900,2.13400,2256.44000,2360.75000,0.10690,0.05500
09AR20080322,20080407,0029,-53.58230,141.86100,2657.20000,2617.00000,1.16240,0.98380,34.72640,208.97000,30.86000,108.25200,2.12430,2255.07000,2361.92000,0.11000,0.05730
09AR20080322,20080407,0548,-53.13280,142.13800,7.60000,8.00000,5.84610,5.84548,33.74880,302.17000,23.43000,2.03700,1.53260,2114.97000,2269.42000,4.53780,2.51130
09AR20080322,20080407,0548,-53.13280,142.13800,39.80000,39.00000,5.84440,5.84115,33.74900,302.15000,-9999.00000,-9999.00000,-9999.00000,-9999.00000,-9999.00000,-9999.00000,-9999.00000
09AR20080322,20080407,0548,-53.13280,142.13800,39.90000,40.00000,5.84430,5.84104,33.74880,302.15000,-9999.00000,-9999.00000,-9999.00000,-9999.00000,-9999.00000,-9999.00000,-9999.00000
09AR20080322,20080407,0548,-53.13280,142.13800,39.70000,39.00000,5.84280,5.83956,33.74840,302.04000,23.43000,2.03700,1.54230,2113.50000,2268.35000,4.45820,2.50900
09AR20080322,20080407,0548,-53.13280,142.13800,79.70000,79.00000,5.83050,5.82398,33.74780,301.65000,23.42000,2.03700,1.53260,2115.06000,2267.90000,4.56670,2.50540
09AR20080322,20080407,0548,-53.13280,142.13800,130.00000,129.00000,3.42220,3.41397,33.86820,302.85000,26.25000,11.15500,1.72660,2142.62000,2272.63000,4.95630,2.78710
09AR20080322,20080407,0548,-53.13280,142.13800,171.10000,170.00000,3.08740,3.07697,33.90720,297.26000,27.15000,14.35600,1.77510,2151.79000,2274.55000,5.04060,2.73180
09AR20080322,20080407,0548,-53.13280,142.13800,300.40000,298.00000,3.17390,3.15494,34.13540,252.65000,30.29000,26.67500,1.99820,2182.45000,2286.21000,4.03720,2.09840
09AR20080322,20080407,0548,-53.13280,142.13800,446.80000,442.00000,2.84360,2.81597,34.25740,220.36000,32.27000,40.35200,2.16310,2208.19000,2298.43000,2.78260,1.42380
09AR20080322,20080407,0548,-53.13280,142.13800,602.50000,596.00000,2.78710,2.74924,34.37230,194.17000,33.34000,52.38000,2.24070,2226.24000,2310.41000,1.70890,0.86060
09AR20080322,20080407,0548,-53.13280,142.13800,752.40000,744.00000,2.71280,2.66491,34.48220,178.11000,33.79000,62.08000,2.27950,-9999.00000,-9999.00000,-9999.00000,-9999.00000
09AR20080322,20080407,0548,-53.13280,142.13800,901.80000,892.00000,2.59160,2.53385,34.56960,173.23000,33.03000,68.28800,2.25040,2246.14000,2330.37000,0.47510,0.23550
09AR20080322,20080407,0548,-53.13280,142.13800,1100.10000,1087.00000,2.42080,2.34998,34.62820,175.00000,32.26000,72.16800,2.20190,2249.38000,2335.71000,0.39250,0.19310
09AR20080322,20080407,0548,-53.13280,142.13800,1299.90000,1284.00000,2.31370,2.22891,34.68610,179.60000,31.10000,74.98100,2.14370,-9999.00000,-9999.00000,-9999.00000,-9999.00000
09AR20080322,20080407,0548,-53.13280,142.13800,1498.00000,1479.00000,2.20960,2.11066,34.72030,185.20000,30.34000,77.40600,2.08550,2246.09000,2342.58000,0.16880,0.11030
09AR20080322,20080407,0548,-53.13280,142.13800,1701.80000,1680.00000,2.06630,1.95298,34.74120,190.63000,30.26000,81.18900,2.06610,2245.15000,2345.54000,0.13590,0.06660
09AR20080322,20080407,0548,-53.13280,142.13800,1898.90000,1874.00000,1.89500,1.76808,34.74800,192.75000,31.02000,88.46400,2.07580,2250.86000,2350.77000,0.08620,0.04030
09AR20080322,20080407,0548,-53.13280,142.13800,2100.00000,2071.00000,1.71610,1.57530,34.74510,194.36000,31.34000,94.86600,2.11460,2255.25000,2357.32000,0.07120,0.03900
09AR20080322,20080407,0548,-53.13280,142.13800,2301.60000,2269.00000,1.48690,1.33296,34.73960,197.61000,31.19000,100.68600,2.12430,2252.96000,2358.86000,-9999.00000,-9999.00000
09AR20080322,20080407,0548,-53.13280,142.13800,2499.80000,2463.00000,1.31750,1.14963,34.73250,201.26000,31.27000,104.76000,2.11460,2254.50000,2357.59000,0.11600,0.06070
09AR20080322,20080407,0548,-53.13280,142.13800,2700.20000,2659.00000,1.15730,0.97501,34.72560,202.61000,31.58000,110.38600,2.15340,-9999.00000,-9999.00000,-9999.00000,-9999.00000
09AR20080322,20080407,0548,-53.13280,142.13800,2900.60000,2855.00000,1.05120,0.85317,34.71970,204.09000,31.81000,113.68400,2.18250,2258.93000,2361.36000,0.12470,0.05990
09AR20080322,20080407,0548,-53.13280,142.13800,3164.70000,3113.00000,0.94370,0.72369,34.71440,206.47000,31.59000,117.37000,2.17280,2260.07000,2360.29000,0.17660,0.08620
09AR20080322,20080407,0548,-53.13280,142.13800,3214.90000,3162.00000,0.94440,0.71964,34.71440,206.56000,31.44000,117.07900,2.17280,2258.99000,2360.24000,0.17610,0.08910
09AR20080322,20080407,1331,-52.67080,142.39200,7.40000,7.00000,5.74220,5.74160,33.74840,303.39000,23.60000,1.84300,1.53260,2112.94000,2268.00000,-9999.00000,-9999.00000
09AR20080322,20080407,1331,-52.67080,142.39200,7.20000,7.00000,5.74180,5.74122,33.74760,303.56000,-9999.00000,-9999.00000,-9999.00000,-9999.00000,-9999.00000,-9999.00000,-9999.00000
09AR20080322,20080407,1331,-52.67080,142.39200,7.40000,7.00000,5.74200,5.74140,33.74750,303.56000,-9999.00000,-9999.00000,-9999.00000,-9999.00000,-9999.00000,-9999.00000,-9999.00000
09AR20080322,20080407,1331,-52.67080,142.39200,14.30000,14.00000,5.74080,5.73965,33.74750,303.55000,-9999.00000,-9999.00000,-9999.00000,-9999.00000,-9999.00000,-9999.00000,-9999.00000
09AR20080322,20080407,1331,-52.67080,142.39200,88.10000,87.00000,5.72840,5.72126,33.74640,302.34000,-9999.00000,-9999.00000,-9999.00000,-9999.00000,-9999.00000,-9999.00000,-9999.00000
09AR20080322,20080407,1331,-52.67080,142.39200,499.20000,494.00000,2.84480,2.81368,34.29680,210.84000,33.22000,43.65000,2.18250,2211.94000,2303.49000,-9999.00000,-9999.00000
09AR20080322,20080407,1331,-52.67080,142.39200,898.40000,889.00000,2.53340,2.47636,34.53470,175.02000,34.47000,67.12400,2.27950,2245.49000,2328.10000,-9999.00000,-9999.00000
09AR20080322,20080407,1331,-52.67080,142.39200,999.60000,988.00000,2.46460,2.40078,34.58440,173.88000,33.83000,70.03400,2.24070,2247.51000,2332.24000,0.53220,0.26800
09AR20080322,20080407,1331,-52.67080,142.39200,1015.90000,1004.00000,2.46480,2.39980,34.58920,173.88000,33.74880,70.27730,2.23713,-9999.00000,-9999.00000,-9999.00000,-9999.00000
09AR20080322,20080407,1331,-52.67080,142.39200,1098.10000,1086.00000,2.44490,2.37404,34.61700,174.66000,33.35000,71.48900,2.22130,2248.03000,2334.61000,0.40640,0.20430
09AR20080322,20080407,1331,-52.67080,142.39200,1198.90000,1185.00000,2.39330,2.31539,34.64800,176.00000,32.90170,72.94400,2.17280,2248.49000,2336.69000,-9999.00000,-9999.00000
09AR20080322,20080407,1331,-52.67080,142.39200,1396.20000,1379.00000,2.28780,2.19592,34.69690,181.21000,32.09000,75.85400,2.11327,2246.09000,2339.52000,0.22350,0.11240
09AR20080322,20080407,1331,-52.67080,142.39200,1598.50000,1578.00000,2.17000,2.06362,34.72920,187.59000,31.42710,78.37600,2.06610,2244.65000,2344.74000,0.15400,0.07620
09AR20080322,20080407,1331,-52.67080,142.39200,1799.40000,1776.00000,2.03360,1.91284,34.74450,191.93000,30.92000,81.67400,2.03700,2244.29000,2347.64000,0.12040,0.06170
09AR20080322,20080407,1331,-52.67080,142.39200,1999.60000,1973.00000,1.84740,1.71289,34.74960,195.96000,30.66000,86.52400,2.03700,2245.67000,2351.05000,0.11070,0.05850
09AR20080322,20080407,1331,-52.67080,142.39200,2198.10000,2167.00000,1.65540,1.50734,34.74470,197.53000,30.89000,93.12000,2.05640,2248.70000,2354.60000,0.09910,0.04720
09AR20080322,20080407,1331,-52.67080,142.39200,2398.90000,2364.00000,1.43530,1.27396,34.73780,200.09000,31.11000,100.00700,2.09520,2252.65000,2356.87000,0.09690,0.04470
09AR20080322,20080407,1331,-52.67080,142.39200,2598.20000,2559.00000,1.26460,1.08917,34.73000,201.74000,31.49000,106.50600,2.12430,2256.94000,2360.44000,0.09630,0.05230
09AR20080322,20080407,1331,-52.67080,142.39200,2597.80000,2559.00000,1.26380,1.08841,34.73060,202.34000,31.48920,106.49300,2.12424,-9999.00000,-9999.00000,-9999.00000,-9999.00000
09AR20080322,20080407,1331,-52.67080,142.39200,2798.90000,2756.00000,1.09810,0.90824,34.72210,202.30000,31.87000,112.71400,2.15340,2260.50000,2366.11000,0.08460,0.04770
09AR20080322,20080407,1331,-52.67080,142.39200,3100.80000,3051.00000,1.04320,0.82687,34.71840,203.56000,31.87000,115.23600,2.17280,2260.68000,2367.11000,0.09590,0.04910
09AR20080322,20080407,1331,-52.67080,142.39200,3494.50000,3435.00000,0.89740,0.64682,34.71090,207.69000,32.03000,118.92200,2.16310,2258.43000,2362.44000,0.19000,0.09670
09AR20080322,20080407,1331,-52.67080,142.39200,3413.40000,3356.00000,0.91730,0.67414,34.71250,207.35000,32.02000,118.53400,2.16310,2259.21000,2362.55000,0.17600,0.09090
09AR20080322,20080407,1331,-52.67080,142.39200,3474.90000,3416.00000,0.89610,0.64747,34.71150,208.60000,32.03010,118.87600,2.16290,-9999.00000,-9999.00000,-9999.00000,-9999.00000
09AR20080322,20080407,1724,-52.67130,142.38800,8.70000,9.00000,5.75250,5.75180,33.74740,303.13000,-9999.00000,1.74600,1.53260,2112.86000,2269.02000,4.48390,2.51610
09AR20080322,20080407,1724,-52.67130,142.38800,8.60000,9.00000,5.75230,5.75161,33.74710,302.07000,-9999.00000,-9999.00000,-9999.00000,-9999.00000,-9999.00000,-9999.00000,-9999.00000
09AR20080322,20080407,1724,-52.67130,142.38800,8.60000,9.00000,5.75270,5.75201,33.74710,302.07000,-9999.00000,-9999.00000,-9999.00000,-9999.00000,-9999.00000,-9999.00000,-9999.00000
09AR20080322,20080407,1724,-52.67130,142.38800,8.40000,8.00000,5.75300,5.75232,33.74710,302.07000,-9999.00000,-9999.00000,-9999.00000,-9999.00000,-9999.00000,-9999.00000,-9999.00000
09AR20080322,20080407,1724,-52.67130,142.38800,23.30000,23.00000,5.75380,5.75192,33.74660,303.08000,23.52000,1.74600,1.55200,2114.26000,2268.17000,4.51370,2.52100
09AR20080322,20080407,1724,-52.67130,142.38800,49.00000,49.00000,5.75210,5.74813,33.74740,303.26000,23.52000,1.74600,1.53260,2112.54000,2267.84000,4.54870,2.52420
09AR20080322,20080407,1724,-52.67130,142.38800,74.40000,74.00000,5.74880,5.74276,33.74720,302.99000,23.37000,1.74600,1.53260,-9999.00000,-9999.00000,-9999.00000,-9999.00000
09AR20080322,20080407,1724,-52.67130,142.38800,97.80000,97.00000,5.73770,5.72975,33.74820,302.74000,-9999.00000,1.74600,1.53260,2112.96000,2268.47000,4.51030,2.52500
09AR20080322,20080407,1724,-52.67130,142.38800,149.20000,148.00000,3.16830,3.15915,33.85310,306.54000,-9999.00000,11.25200,1.74600,2140.45000,2271.48000,5.13260,2.80030
09AR20080322,20080407,1724,-52.67130,142.38800,198.60000,197.00000,3.12720,3.11497,33.94960,289.39000,-9999.00000,15.81100,-9999.00000,2153.82000,2276.50000,4.84840,2.63790
09AR20080322,20080407,1724,-52.67130,142.38800,248.60000,246.00000,3.32750,3.31163,34.09460,260.88000,29.60000,22.31000,1.95940,-9999.00000,-9999.00000,-9999.00000,-9999.00000
09AR20080322,20080407,1724,-52.67130,142.38800,298.30000,295.00000,3.02980,3.01133,34.13190,254.12000,30.42000,27.06300,2.02730,2180.39000,2284.16000,4.02980,2.11900
09AR20080322,20080407,1724,-52.67130,142.38800,348.50000,345.00000,2.88400,2.86267,34.16680,245.03000,31.23000,31.04000,2.03700,-9999.00000,-9999.00000,-9999.00000,-9999.00000
09AR20080322,20080407,1724,-52.67130,142.38800,400.70000,397.00000,2.70220,2.67806,34.20460,235.41000,32.47000,36.27800,2.08550,2197.24000,2297.67000,3.27140,1.71040
09AR20080322,20080407,1724,-52.67130,142.38800,499.90000,495.00000,2.68970,2.65916,34.28580,214.05000,33.06000,44.52300,2.22130,2213.80000,2301.85000,2.51760,1.28650
09AR20080322,20080407,1724,-52.67130,142.38800,600.60000,594.00000,2.79230,2.75454,34.37100,194.52000,34.18000,51.50700,2.25040,2226.09000,2311.91000,1.75020,0.87790
09AR20080322,20080407,1724,-52.67130,142.38800,699.60000,692.00000,2.72310,2.67887,34.43610,184.30000,34.72000,58.20000,2.27189,2233.82000,2317.05000,1.22230,0.61410
09AR20080322,20080407,1724,-52.67130,142.38800,699.30000,692.00000,2.72340,2.67918,34.43850,183.20000,34.71940,58.18010,2.27183,-9999.00000,-9999.00000,-9999.00000,-9999.00000
09AR20080322,20080407,1724,-52.67130,142.38800,800.70000,792.00000,2.59810,2.54755,34.48580,178.11000,34.71000,63.24400,2.28920,2241.30000,2323.04000,0.97420,0.49230
09AR20080322,20080407,1724,-52.67130,142.38800,800.60000,792.00000,2.59800,2.54746,34.48590,176.95000,34.71030,63.24110,2.28919,-9999.00000,-9999.00000,-9999.00000,-9999.00000
09AR20080322,20080407,1724,-52.67130,142.38800,899.20000,889.00000,2.54220,2.48506,34.52330,175.33000,34.39000,66.05700,2.27950,2245.08000,2327.34000,0.77440,0.38850
09AR20080322,20080407,1724,-52.67130,142.38800,898.80000,889.00000,2.54200,2.48489,34.52410,174.70000,34.39170,66.04570,2.27960,-9999.00000,-9999.00000,-9999.00000,-9999.00000
09AR20080322,20080407,1724,-52.67130,142.38800,998.90000,988.00000,2.51150,2.44738,34.57870,173.77000,33.94000,68.87000,2.24070,-9999.00000,-9999.00000,-9999.00000,-9999.00000
09AR20080322,20080407,1724,-52.67130,142.38800,998.90000,988.00000,2.51520,2.45105,34.57730,174.19000,-9999.00000,-9999.00000,-9999.00000,2246.37000,2330.13000,-9999.00000,-9999.00000
09AR20080322,20080407,2041,-52.36950,142.53500,9.00000,9.00000,5.81170,5.81097,33.78480,301.59000,22.76000,2.03700,1.48410,2111.43000,2268.78000,4.55800,2.51350
09AR20080322,20080407,2041,-52.36950,142.53500,31.10000,31.00000,5.77420,5.77168,33.78290,300.86000,22.75960,2.03700,1.50348,-9999.00000,-9999.00000,-9999.00000,-9999.00000
09AR20080322,20080407,2041,-52.36950,142.53500,31.00000,31.00000,5.76620,5.76369,33.78260,300.86000,22.75920,2.03700,1.50347,-9999.00000,-9999.00000,-9999.00000,-9999.00000
09AR20080322,20080407,2041,-52.36950,142.53500,31.20000,31.00000,5.75280,5.75028,33.78110,302.03000,22.76000,2.03700,1.50350,2112.88000,2269.32000,4.49950,2.51740
09AR20080322,20080407,2041,-52.36950,142.53500,48.90000,48.00000,5.67810,5.67416,33.77890,301.94000,22.91000,2.03700,1.50350,2114.00000,2268.58000,4.52200,2.52180
09AR20080322,20080407,2041,-52.36950,142.53500,97.90000,97.00000,5.66370,5.65580,33.79070,300.63000,22.83000,2.42500,1.51320,2112.68000,2269.06000,4.56780,2.51690
09AR20080322,20080407,2041,-52.36950,142.53500,130.00000,129.00000,4.38080,4.37155,33.97220,290.51000,24.77000,9.89400,1.62960,2137.01000,2273.86000,4.68620,2.57510
09AR20080322,20080407,2041,-52.36950,142.53500,199.50000,198.00000,4.46650,4.45203,34.06930,271.09000,25.74000,12.99800,1.67810,2147.44000,2276.27000,4.38230,2.36270
09AR20080322,20080407,2041,-52.36950,142.53500,299.50000,297.00000,4.37390,4.35210,34.20030,240.66000,28.55000,20.17600,1.85270,2167.83000,2281.96000,3.71730,1.94320
09AR20080322,20080407,2041,-52.36950,142.53500,399.30000,395.00000,3.80520,3.77762,34.21750,235.08000,30.09000,25.99600,1.97880,2179.00000,2287.23000,3.43300,1.76360
09AR20080322,20080407,2041,-52.36950,142.53500,500.00000,495.00000,3.48300,3.44931,34.26580,221.24000,31.40000,33.36800,2.06610,2195.76000,2294.45000,2.80270,1.42200
09AR20080322,20080407,2041,-52.36950,142.53500,702.40000,695.00000,2.84590,2.80088,34.36310,196.35000,33.60000,50.14900,2.23100,2222.35000,2310.28000,1.79760,0.91120
09AR20080322,20080407,2041,-52.36950,142.53500,901.00000,891.00000,2.67480,2.61665,34.48420,178.29000,34.39000,62.08000,2.26010,2240.78000,2322.56000,0.94780,0.46670
09AR20080322,20080407,2041,-52.36950,142.53500,1101.40000,1089.00000,2.53010,2.45833,34.58280,174.06000,33.67000,69.06400,2.23100,2246.45000,2332.90000,0.51240,0.25020
09AR20080322,20080407,2041,-52.36950,142.53500,1299.80000,1284.00000,2.40160,2.31599,34.65720,177.30000,32.65000,73.13800,2.17280,2246.24000,2338.96000,0.30800,0.15570
09AR20080322,20080407,2041,-52.36950,142.53500,1500.50000,1482.00000,2.29690,2.19680,34.70170,182.42000,31.64000,75.46600,2.10490,2243.31000,2340.71000,0.20790,0.10630
09AR20080322,20080407,2041,-52.36950,142.53500,1700.00000,1678.00000,2.15740,2.04306,34.73290,188.28000,30.79000,78.27900,2.06610,2243.17000,2343.70000,0.16920,0.08310
09AR20080322,20080407,2041,-52.36950,142.53500,1898.70000,1874.00000,1.99760,1.86922,34.74630,192.93000,30.40000,82.25600,2.04670,2244.33000,2349.78000,0.12570,0.05880
09AR20080322,20080407,2041,-52.36950,142.53500,2201.30000,2171.00000,1.73150,1.58190,34.74610,195.10000,30.71000,92.82900,2.06610,2250.78000,2355.36000,0.07420,0.03720
09AR20080322,20080407,2041,-52.36950,142.53500,2500.00000,2463.00000,1.40770,1.23811,34.73600,198.74000,31.18000,103.30500,2.11460,2253.80000,2362.16000,0.07070,0.03930
09AR20080322,20080407,2041,-52.36950,142.53500,2800.30000,2757.00000,1.16470,0.97331,34.72580,202.26000,31.57000,110.58000,2.14370,2259.12000,2363.24000,0.07930,0.04280
09AR20080322,20080407,2041,-52.36950,142.53500,3099.30000,3050.00000,1.03740,0.82134,34.72010,203.39000,31.80000,114.65400,2.18250,2260.78000,2365.27000,0.08460,0.04400
09AR20080322,20080407,2041,-52.36950,142.53500,3501.70000,3442.00000,0.95220,0.69950,34.71400,206.26000,31.96000,117.46700,2.16310,2258.17000,2361.16000,0.15070,0.07680
09AR20080322,20080407,2041,-52.36950,142.53500,3546.20000,3486.00000,0.95300,0.69587,34.71400,206.52000,31.89000,117.95200,2.15340,2256.84000,2363.79000,0.17830,0.09300
09AR20080322,20080408,0230,-52.08020,142.71200,6.90000,7.00000,6.24700,6.24642,33.81920,299.30000,22.02000,2.23100,1.45500,2108.67000,2269.39000,4.39170,2.45480
09AR20080322,20080408,0230,-52.08020,142.71200,60.10000,60.00000,6.06260,6.05758,33.80520,299.37000,-9999.00000,-9999.00000,-9999.00000,-9999.00000,-9999.00000,-9999.00000,-9999.00000
09AR20080322,20080408,0230,-52.08020,142.71200,60.10000,60.00000,6.06660,6.06157,33.80540,299.37000,-9999.00000,-9999.00000,-9999.00000,-9999.00000,-9999.00000,-9999.00000,-9999.00000
09AR20080322,20080408,0230,-52.08020,142.71200,59.20000,59.00000,6.06360,6.05865,33.80570,300.73000,22.16000,2.13400,1.47440,2112.21000,2268.85000,4.39020,2.47220
09AR20080322,20080408,0230,-52.08020,142.71200,99.20000,98.00000,5.95000,5.94177,33.80710,299.42000,22.31000,2.32800,1.48410,2114.98000,2268.42000,4.46610,2.48940
09AR20080322,20080408,0230,-52.08020,142.71200,145.20000,144.00000,5.59940,5.58762,34.12150,274.33000,22.97000,8.92400,1.52290,2136.60000,2277.64000,4.26570,2.33660
09AR20080322,20080408,0230,-52.08020,142.71200,169.80000,168.00000,5.40150,5.38796,34.12950,268.58000,23.79000,10.28200,1.58110,2142.73000,2275.21000,4.23300,2.29350
09AR20080322,20080408,0230,-52.08020,142.71200,300.20000,297.00000,5.26600,5.24202,34.25090,235.11000,26.86000,16.68400,1.77510,2165.48000,2283.54000,3.57990,1.87300
09AR20080322,20080408,0230,-52.08020,142.71200,449.40000,445.00000,3.92610,3.89445,34.21680,235.73000,29.69000,24.73500,1.95940,2181.96000,2287.00000,3.50350,1.79560
09AR20080322,20080408,0230,-52.08020,142.71200,599.10000,593.00000,3.54180,3.50065,34.30050,212.67000,31.62000,35.89000,2.10490,-9999.00000,-9999.00000,-9999.00000,-9999.00000
09AR20080322,20080408,0230,-52.08020,142.71200,749.90000,742.00000,3.20620,3.15571,34.36860,195.44000,33.19000,46.36600,2.21160,2218.57000,2309.14000,1.63550,0.81440
09AR20080322,20080408,0230,-52.08020,142.71200,899.30000,889.00000,2.91790,2.85820,34.45040,180.99000,34.06000,57.32700,2.27950,-9999.00000,-9999.00000,-9999.00000,-9999.00000
09AR20080322,20080408,0230,-52.08020,142.71200,1101.80000,1089.00000,2.63600,2.56335,34.54550,174.28000,34.05000,66.25100,2.27950,2245.18000,2326.53000,0.60930,0.29780
09AR20080322,20080408,0230,-52.08020,142.71200,1350.00000,1334.00000,2.48130,2.39110,34.62090,174.35000,33.50000,71.29500,2.21160,2248.05000,2334.99000,0.39260,0.19480
09AR20080322,20080408,0230,-52.08020,142.71200,1599.30000,1579.00000,2.32240,2.21416,34.69950,181.30000,32.00000,75.36900,2.13400,2245.91000,2342.06000,0.20460,0.09500
09AR20080322,20080408,0230,-52.08020,142.71200,1850.40000,1826.00000,2.13560,2.00926,34.73680,188.63000,31.15000,80.12200,2.06610,-9999.00000,-9999.00000,-9999.00000,-9999.00000
09AR20080322,20080408,0230,-52.08020,142.71200,2150.80000,2121.00000,1.86860,1.72104,34.74840,194.01000,30.84000,87.68800,2.06610,2248.95000,2353.42000,0.08660,0.04120
09AR20080322,20080408,0230,-52.08020,142.71200,2299.50000,2267.00000,1.65610,1.49937,34.74550,197.01000,30.76000,94.09000,2.08550,2252.29000,2355.31000,0.08680,0.04080
09AR20080322,20080408,0230,-52.08020,142.71200,2499.70000,2463.00000,1.46740,1.29669,34.74040,200.31000,31.07000,98.94000,2.08550,-9999.00000,-9999.00000,-9999.00000,-9999.00000
09AR20080322,20080408,0230,-52.08020,142.71200,2749.40000,2708.00000,1.31970,1.12967,34.73370,201.48000,31.45000,104.66300,2.12430,2254.04000,2358.87000,0.11360,0.05390
09AR20080322,20080408,0230,-52.08020,142.71200,2998.70000,2951.00000,1.12130,0.91270,34.72660,203.83000,31.69000,111.06500,2.15340,-9999.00000,-9999.00000,-9999.00000,-9999.00000
09AR20080322,20080408,0230,-52.08020,142.71200,3199.60000,3148.00000,1.04720,0.82143,34.72250,204.13000,31.84000,114.36300,2.16310,2261.64000,2365.09000,0.11370,0.05520
09AR20080322,20080408,0230,-52.08020,142.71200,3449.80000,3392.00000,0.99660,0.74788,34.71640,205.96000,32.17000,116.01200,2.17280,2263.01000,2365.69000,0.12850,0.06350
09AR20080322,20080408,0230,-52.08020,142.71200,3504.10000,3445.00000,0.98350,0.72975,34.71660,207.73000,32.24000,116.78800,2.18250,2261.58000,2364.31000,0.14900,0.07430
09AR20080322,20080409,1607,-51.81070,142.84100,8.30000,8.00000,6.58460,6.58387,33.85880,297.12000,-9999.00000,2.23100,1.43560,2106.41000,2270.68000,-9999.00000,-9999.00000
09AR20080322,20080409,1607,-51.81070,142.84100,30.20000,30.00000,6.58810,6.58546,33.85970,296.70000,-9999.00000,-9999.00000,-9999.00000,-9999.00000,-9999.00000,-9999.00000,-9999.00000
09AR20080322,20080409,1607,-51.81070,142.84100,30.40000,30.00000,6.58770,6.58504,33.85950,296.70000,-9999.00000,-9999.00000,-9999.00000,-9999.00000,-9999.00000,-9999.00000,-9999.00000
09AR20080322,20080409,1607,-51.81070,142.84100,30.20000,30.00000,6.58550,6.58286,33.85950,298.00000,-9999.00000,2.23100,1.43560,2108.01000,2269.51000,4.18790,2.35510
09AR20080322,20080409,1607,-51.81070,142.84100,70.90000,70.00000,6.59260,6.58637,33.86150,296.61000,-9999.00000,2.23100,1.43560,2106.19000,2269.00000,-9999.00000,-9999.00000
09AR20080322,20080409,1607,-51.81070,142.84100,106.90000,106.00000,6.61070,6.60123,34.04540,285.65000,-9999.00000,4.55900,1.41620,2114.25000,2273.80000,4.18990,2.33510
09AR20080322,20080409,1607,-51.81070,142.84100,129.10000,128.00000,6.61240,6.60091,34.21280,277.22000,-9999.00000,6.40200,1.35800,2123.19000,2277.90000,-9999.00000,-9999.00000
09AR20080322,20080409,1607,-51.81070,142.84100,198.60000,197.00000,5.77800,5.76153,34.14300,273.68000,-9999.00000,8.63300,1.54230,2133.86000,2276.17000,4.13890,2.28310
09AR20080322,20080409,1607,-51.81070,142.84100,297.90000,295.00000,5.80830,5.78325,34.25890,241.08000,-9999.00000,13.58000,1.69750,2152.07000,2281.30000,3.58250,1.96900
09AR20080322,20080409,1607,-51.81070,142.84100,399.20000,395.00000,5.41640,5.38372,34.31620,220.67000,-9999.00000,18.91500,1.85270,2169.87000,2286.74000,-9999.00000,-9999.00000
09AR20080322,20080409,1607,-51.81070,142.84100,500.10000,495.00000,4.48870,4.45104,34.26770,226.44000,-9999.00000,23.18300,1.96910,2176.58000,2285.14000,3.10490,1.61610
09AR20080322,20080409,1607,-51.81070,142.84100,600.40000,594.00000,3.95610,3.91291,34.28780,218.51000,-9999.00000,29.97300,2.07580,2194.57000,2293.36000,2.57630,1.31110
09AR20080322,20080409,1607,-51.81070,142.84100,699.70000,692.00000,3.43710,3.38907,34.29870,213.45000,-9999.00000,36.56900,2.16310,2203.61000,2299.86000,-9999.00000,-9999.00000
09AR20080322,20080409,1607,-51.81070,142.84100,800.90000,792.00000,3.22420,3.16986,34.35620,198.97000,-9999.00000,44.52300,2.23100,2214.48000,2307.55000,1.73520,0.85450
09AR20080322,20080409,1607,-51.81070,142.84100,999.20000,988.00000,2.88190,2.81505,34.45810,180.95000,34.41000,57.71500,2.33770,2235.39000,2320.23000,0.93400,0.45860
09AR20080322,20080409,1607,-51.81070,142.84100,1299.80000,1284.00000,2.60720,2.51968,34.58280,172.63000,33.63000,68.57900,2.29890,2245.36000,2333.96000,-9999.00000,-9999.00000
09AR20080322,20080409,1607,-51.81070,142.84100,1599.50000,1579.00000,2.43000,2.32050,34.67160,177.00000,32.32000,73.72000,2.22130,2246.47000,2339.83000,0.18630,-9999.00000
09AR20080322,20080409,1607,-51.81070,142.84100,1900.20000,1875.00000,2.22850,2.09671,34.72900,186.53000,31.02380,78.25020,2.14288,-9999.00000,-9999.00000,-9999.00000,-9999.00000
09AR20080322,20080409,1607,-51.81070,142.84100,2197.10000,2167.00000,1.98320,1.82977,34.74710,193.53000,30.21000,83.22600,2.10490,2245.24000,2350.53000,0.09170,-9999.00000
09AR20080322,20080409,1607,-51.81070,142.84100,2499.10000,2463.00000,1.65960,1.48534,34.74350,197.40000,30.41000,93.41100,2.14370,2247.59000,2356.67000,0.08010,0.04410
09AR20080322,20080409,1607,-51.81070,142.84100,2796.40000,2754.00000,1.40670,1.21059,34.73450,200.31000,30.77000,102.14100,2.17280,2254.97000,2359.84000,0.07510,-9999.00000
09AR20080322,20080409,1607,-51.81070,142.84100,3197.00000,3145.00000,1.13270,0.90518,34.72210,204.22000,30.72000,109.31900,2.19220,2256.57000,2361.14000,0.10720,0.06000
09AR20080322,20080409,1607,-51.81070,142.84100,3683.50000,3620.00000,1.01620,0.74360,34.71560,205.87000,30.67000,114.07200,2.21160,2260.88000,2365.44000,0.11920,-9999.00000
09AR20080322,20080409,1607,-51.81070,142.84100,3773.60000,3708.00000,1.02490,0.74284,34.71560,205.78000,30.56000,114.07200,2.19220,2259.08000,2362.97000,0.12010,-9999.00000
09AR20080322,20080409,2033,-51.53920,142.99400,8.80000,9.00000,7.00840,7.00760,33.96920,293.69000,20.16000,2.42500,1.37740,-9999.00000,-9999.00000,-9999.00000,-9999.00000
09AR20080322,20080409,2033,-51.53920,142.99400,24.90000,25.00000,7.01330,7.01103,33.97010,292.92000,20.34000,2.42500,1.37740,-9999.00000,-9999.00000,-9999.00000,-9999.00000
09AR20080322,20080409,2033,-51.53920,142.99400,24.80000,25.00000,7.01310,7.01084,33.97030,292.92000,20.34050,2.42500,1.37740,-9999.00000,-9999.00000,-9999.00000,-9999.00000
09AR20080322,20080409,2033,-51.53920,142.99400,24.90000,25.00000,7.01390,7.01163,33.97060,293.21000,20.34000,2.42500,1.37740,-9999.00000,-9999.00000,-9999.00000,-9999.00000
09AR20080322,20080409,2033,-51.53920,142.99400,50.40000,50.00000,7.02480,7.02020,33.97260,292.90000,20.13000,2.42500,1.37740,-9999.00000,-9999.00000,-9999.00000,-9999.00000
09AR20080322,20080409,2033,-51.53920,142.99400,75.00000,74.00000,7.05610,7.04922,33.97920,292.42000,19.83000,2.42500,1.37740,-9999.00000,-9999.00000,-9999.00000,-9999.00000
09AR20080322,20080409,2033,-51.53920,142.99400,149.20000,148.00000,7.69490,7.68034,34.33440,271.36000,17.99000,5.14100,1.27070,-9999.00000,-9999.00000,-9999.00000,-9999.00000
09AR20080322,20080409,2033,-51.53920,142.99400,498.60000,494.00000,5.56650,5.52473,34.34010,217.71000,27.16000,19.40000,1.85270,2175.54000,2286.78000,-9999.00000,-9999.00000
09AR20080322,20080409,2033,-51.53920,142.99400,1001.70000,991.00000,3.08470,3.01622,34.37800,193.96000,-9999.00000,48.59700,2.26980,2225.86000,2310.28000,-9999.00000,-9999.00000
09AR20080322,20080409,2033,-51.53920,142.99400,1008.70000,997.00000,3.02670,2.95814,34.37910,190.99000,-9999.00000,-9999.00000,-9999.00000,-9999.00000,-9999.00000,-9999.00000,-9999.00000
09AR20080322,20080409,2033,-51.53920,142.99400,1506.90000,1488.00000,2.53140,2.42828,34.62170,173.88000,-9999.00000,-9999.00000,-9999.00000,-9999.00000,-9999.00000,-9999.00000,-9999.00000
09AR20080322,20080409,2033,-51.53920,142.99400,2100.20000,2072.00000,2.16800,2.02002,34.73700,189.11000,29.79000,78.37600,2.11460,2249.28000,2345.99000,0.11040,0.04130
09AR20080322,20080409,2033,-51.53920,142.99400,2197.50000,2167.00000,2.08160,1.92652,34.74390,191.41000,29.32000,80.31600,2.09520,2248.42000,2347.32000,-9999.00000,-9999.00000
09AR20080322,20080409,2033,-51.53920,142.99400,2207.80000,2177.00000,2.07160,1.91579,34.74430,192.19000,29.34330,80.63840,2.09614,-9999.00000,-9999.00000,-9999.00000,-9999.00000
09AR20080322,20080409,2033,-51.53920,142.99400,2399.80000,2365.00000,1.90320,1.73330,34.74840,194.01000,30.64000,86.91200,2.11460,2251.50000,2352.59000,-9999.00000,-9999.00000
09AR20080322,20080409,2033,-51.53920,142.99400,2700.20000,2660.00000,1.58570,1.39472,34.74210,198.48000,31.08000,96.41800,2.14370,2256.42000,2355.80000,-9999.00000,-9999.00000
09AR20080322,20080409,2033,-51.53920,142.99400,2998.80000,2952.00000,1.30130,1.08869,34.73000,201.74000,31.20000,105.34200,2.18250,2260.03000,2361.68000,-9999.00000,-9999.00000
09AR20080322,20080409,2033,-51.53920,142.99400,2998.80000,2952.00000,1.30280,1.09015,34.73070,202.24000,31.20000,105.34200,2.18250,-9999.00000,-9999.00000,-9999.00000,-9999.00000
09AR20080322,20080409,2033,-51.53920,142.99400,3300.50000,3246.00000,1.09650,0.85988,34.72070,203.91000,31.57000,112.13200,2.21160,2263.11000,2363.31000,-9999.00000,-9999.00000
09AR20080322,20080409,2033,-51.53920,142.99400,3733.80000,3669.00000,1.02700,0.74897,34.71580,205.31000,31.85000,115.72100,2.23100,2266.26000,2364.98000,-9999.00000,-9999.00000
09AR20080322,20080409,2033,-51.53920,142.99400,3596.90000,3536.00000,1.03790,0.77349,34.71660,205.39000,31.65000,114.84800,2.22130,2265.78000,2363.36000,-9999.00000,-9999.00000
09AR20080322,20080409,2033,-51.53920,142.99400,3598.60000,3537.00000,1.03460,0.77010,34.71720,204.96000,31.65010,114.85700,2.22134,-9999.00000,-9999.00000,-9999.00000,-9999.00000
09AR20080322,20080409,2033,-51.53920,142.99400,3689.00000,3625.00000,1.03170,0.75812,34.71660,205.34000,31.53000,114.84800,2.22130,2264.49000,2365.63000,-9999.00000,-9999.00000
09AR20080322,20080409,2033,-51.53920,142.99400,3761.20000,3696.00000,1.03260,0.75161,34.71640,204.97000,-9999.00000,-9999.00000,-9999.00000,-9999.00000,-9999.00000,-9999.00000,-9999.00000
09AR20080322,20080410,0036,-51.53980,142.99900,3.90000,4.00000,7.03570,7.03535,33.97710,292.95000,19.92000,2.42500,1.33860,2106.35000,2270.53000,-9999.00000,-9999.00000
09AR20080322,20080410,0036,-51.53980,142.99900,24.60000,24.00000,7.02340,7.02116,33.97730,292.29000,19.76960,2.42500,1.33861,-9999.00000,-9999.00000,-9999.00000,-9999.00000
09AR20080322,20080410,0036,-51.53980,142.99900,24.60000,24.00000,7.02350,7.02126,33.97720,292.29000,19.76960,2.42500,1.33861,-9999.00000,-9999.00000,-9999.00000,-9999.00000
09AR20080322,20080410,0036,-51.53980,142.99900,24.50000,24.00000,7.02400,7.02177,33.97730,292.68000,19.77000,2.42500,1.33860,2106.15000,2272.27000,-9999.00000,-9999.00000
09AR20080322,20080410,0036,-51.53980,142.99900,50.10000,50.00000,7.02320,7.01863,33.97690,292.53000,19.92000,2.42500,1.34830,2105.88000,2274.79000,-9999.00000,-9999.00000
09AR20080322,20080410,0036,-51.53980,142.99900,75.00000,74.00000,7.02900,7.02214,33.97810,292.59000,19.10000,2.42500,1.32890,2107.11000,2273.12000,-9999.00000,-9999.00000
09AR20080322,20080410,0036,-51.53980,142.99900,99.40000,99.00000,7.22320,7.21393,34.05840,286.44000,18.59000,3.00700,1.30950,2109.05000,2274.54000,-9999.00000,-9999.00000
09AR20080322,20080410,0036,-51.53980,142.99900,151.60000,150.00000,7.88050,7.86547,34.41020,267.40000,17.43000,5.62600,1.21250,2120.26000,2283.42000,-9999.00000,-9999.00000
09AR20080322,20080410,0036,-51.53980,142.99900,199.90000,198.00000,7.61860,7.59912,34.38270,267.34000,18.58000,6.11100,1.26100,2122.18000,2282.57000,-9999.00000,-9999.00000
09AR20080322,20080410,0036,-51.53980,142.99900,250.40000,248.00000,6.98310,6.95986,34.29090,269.65000,19.97000,6.79000,1.34830,-9999.00000,2280.32000,-9999.00000,-9999.00000
09AR20080322,20080410,0036,-51.53980,142.99900,300.90000,298.00000,6.54400,6.51699,34.25970,260.59000,21.67000,8.53600,1.44530,2133.37000,2278.63000,-9999.00000,-9999.00000
09AR20080322,20080410,0036,-51.53980,142.99900,400.90000,397.00000,6.41550,6.37956,34.37110,222.08000,25.20000,14.74400,1.64900,2157.79000,2283.64000,-9999.00000,-9999.00000
09AR20080322,20080410,0036,-51.53980,142.99900,499.80000,495.00000,5.67660,5.63429,34.34620,217.02000,27.36000,18.91500,1.80420,2167.62000,2284.95000,-9999.00000,-9999.00000
09AR20080322,20080410,0036,-51.53980,142.99900,601.20000,595.00000,4.56780,4.52169,34.27840,223.99000,29.11670,24.43630,1.92427,-9999.00000,-9999.00000,-9999.00000,-9999.00000
09AR20080322,20080410,0036,-51.53980,142.99900,701.10000,694.00000,4.02380,3.97245,34.29270,217.77000,30.77000,29.87600,2.03700,2188.55000,2293.88000,-9999.00000,-9999.00000
09AR20080322,20080410,0036,-51.53980,142.99900,801.00000,792.00000,3.55220,3.49584,34.31680,208.71000,32.23000,37.53900,2.14370,2202.43000,2300.77000,-9999.00000,-9999.00000
09AR20080322,20080410,0036,-51.53980,142.99900,900.10000,890.00000,3.30700,3.24466,34.34370,201.49000,32.80000,42.87400,2.21160,2210.65000,2305.77000,-9999.00000,-9999.00000
09AR20080322,20080410,0036,-51.53980,142.99900,999.80000,989.00000,3.09730,3.02885,34.38390,192.61000,33.38000,49.27600,2.25040,2221.48000,2315.13000,-9999.00000,-9999.00000
09AR20080322,20080410,0036,-51.53980,142.99900,1099.60000,1087.00000,2.98730,2.91199,34.44750,181.17000,33.71000,56.45400,2.28920,-9999.00000,-9999.00000,-9999.00000,-9999.00000
09AR20080322,20080410,0036,-51.53980,142.99900,1200.00000,1186.00000,2.86590,2.78380,34.49700,175.25000,33.88000,61.69200,2.29890,-9999.00000,-9999.00000,-9999.00000,-9999.00000
09AR20080322,20080410,0036,-51.53980,142.99900,1400.80000,1384.00000,2.60390,2.50850,34.58480,172.93000,33.21000,68.87000,2.26980,-9999.00000,-9999.00000,-9999.00000,-9999.00000
09AR20080322,20080410,0036,-51.53980,142.99900,1600.30000,1580.00000,2.48780,2.37759,34.64590,176.05000,32.22000,71.97400,2.21160,-9999.00000,-9999.00000,-9999.00000,-9999.00000
09AR20080322,20080410,0036,-51.53980,142.99900,1801.10000,1778.00000,2.36490,2.23959,34.69690,180.95000,31.16000,74.98100,2.15340,-9999.00000,-9999.00000,-9999.00000,-9999.00000
09AR20080322,20080410,0036,-51.53980,142.99900,2002.90000,1976.00000,2.26150,2.12050,34.72520,185.85000,30.27000,77.98800,2.10490,-9999.00000,-9999.00000,-9999.00000,-9999.00000
09AR20080322,20080410,0531,-51.25930,143.13200,8.20000,8.00000,8.25040,8.24957,34.14280,287.86000,16.18000,1.16400,1.11550,2098.29000,2279.75000,-9999.00000,-9999.00000
09AR20080322,20080410,0531,-51.25930,143.13200,39.00000,39.00000,8.13440,8.13050,34.12290,287.92000,-9999.00000,-9999.00000,-9999.00000,-9999.00000,-9999.00000,-9999.00000,-9999.00000
09AR20080322,20080410,0531,-51.25930,143.13200,38.70000,38.00000,8.13500,8.13113,34.12300,287.92000,-9999.00000,-9999.00000,-9999.00000,-9999.00000,-9999.00000,-9999.00000,-9999.00000
09AR20080322,20080410,0531,-51.25930,143.13200,39.00000,39.00000,8.13490,8.13100,34.12230,287.17000,16.61000,1.35800,1.14460,2098.56000,2276.63000,-9999.00000,-9999.00000
09AR20080322,20080410,0531,-51.25930,143.13200,80.00000,79.00000,8.08570,8.07772,34.11250,287.56000,17.04000,1.35800,1.16400,2098.59000,2274.00000,-9999.00000,-9999.00000
09AR20080322,20080410,0531,-51.25930,143.13200,108.20000,107.00000,8.09080,8.07998,34.11380,287.30000,17.04000,1.35800,1.16400,2103.15000,2275.92000,-9999.00000,-9999.00000
09AR20080322,20080410,0531,-51.25930,143.13200,159.10000,158.00000,9.09920,9.08192,34.58280,262.93000,15.60000,4.17100,1.06700,2120.94000,2287.59000,-9999.00000,-9999.00000
09AR20080322,20080410,0531,-51.25930,143.13200,239.10000,237.00000,8.07850,8.05429,34.44770,264.26000,17.91000,5.72300,1.21250,2122.89000,2282.34000,-9999.00000,-9999.00000
09AR20080322,20080410,0531,-51.25930,143.13200,349.10000,346.00000,7.26020,7.22680,34.35090,262.38000,19.95000,7.37200,1.33860,2126.72000,2281.08000,-9999.00000,-9999.00000
09AR20080322,20080410,0531,-51.25930,143.13200,450.70000,446.00000,6.52780,6.48689,34.32130,238.44000,23.67000,11.64000,1.57140,2150.21000,2283.37000,-9999.00000,-9999.00000
09AR20080322,20080410,0531,-51.25930,143.13200,599.50000,593.00000,5.57070,5.52003,34.32500,220.41000,27.35000,18.62400,1.81390,2171.79000,2284.55000,-9999.00000,-9999.00000
09AR20080322,20080410,0531,-51.25930,143.13200,799.20000,791.00000,4.20810,4.14781,34.30170,215.86000,30.36000,29.29400,2.02730,2185.68000,2293.50000,-9999.00000,-9999.00000
09AR20080322,20080410,0531,-51.25930,143.13200,997.30000,986.00000,3.36470,3.29444,34.34050,202.18000,32.55000,42.19500,2.21160,2209.89000,2301.80000,-9999.00000,-9999.00000
09AR20080322,20080410,0531,-51.25930,143.13200,1202.10000,1188.00000,2.94780,2.86490,34.43690,183.47000,33.86000,55.77500,2.28920,2231.54000,2316.89000,-9999.00000,-9999.00000
09AR20080322,20080410,0531,-51.25930,143.13200,1401.00000,1384.00000,2.73510,2.63841,34.52390,174.85000,33.78000,64.31100,2.28920,2238.81000,2327.81000,-9999.00000,-9999.00000
09AR20080322,20080410,0531,-51.25930,143.13200,1700.20000,1679.00000,2.50010,2.38153,34.64700,174.83000,32.61000,72.36200,2.21160,2245.77000,2338.07000,-9999.00000,-9999.00000
09AR20080322,20080410,0531,-51.25930,143.13200,2099.10000,2070.00000,2.25840,2.10912,34.72620,185.81000,30.81000,77.50300,2.10490,2243.32000,2347.53000,-9999.00000,-9999.00000
09AR20080322,20080410,0531,-51.25930,143.13200,2398.30000,2364.00000,2.01850,1.84667,34.74730,191.80000,30.32000,84.68100,2.08550,2244.55000,2352.58000,-9999.00000,-9999.00000
09AR20080322,20080410,0531,-51.25930,143.13200,2551.90000,2514.00000,1.88110,1.69788,34.74820,194.10000,30.24000,88.65800,2.08550,2247.59000,2353.00000,-9999.00000,-9999.00000
09AR20080322,20080410,0531,-51.25930,143.13200,2798.50000,2756.00000,1.61220,1.41161,34.74160,197.10000,30.48000,97.38800,2.12430,2249.91000,2356.17000,-9999.00000,-9999.00000
09AR20080322,20080410,0531,-51.25930,143.13200,3097.60000,3048.00000,1.31560,1.09331,34.73130,202.00000,30.23000,104.66300,2.14370,2251.62000,2358.25000,-9999.00000,-9999.00000
09AR20080322,20080410,0531,-51.25930,143.13200,3399.30000,3343.00000,1.13090,0.88379,34.72130,204.52000,30.31000,111.06500,2.16310,2256.26000,2361.85000,-9999.00000,-9999.00000
09AR20080322,20080410,0531,-51.25930,143.13200,3650.50000,3588.00000,1.07990,0.80896,34.71840,204.34000,30.48000,113.49000,2.17280,2254.95000,2363.09000,-9999.00000,-9999.00000
09AR20080322,20080410,0531,-51.25930,143.13200,3757.50000,3692.00000,1.04910,0.76804,34.71640,204.91000,32.09000,115.23600,2.19220,2256.88000,2361.31000,-9999.00000,-9999.00000
09AR20080322,20080410,1028,-51.01100,143.27400,4.80000,5.00000,8.34640,8.34591,34.17830,286.34000,15.07000,1.35800,1.10580,2101.29000,2277.89000,3.80340,-9999.00000
09AR20080322,20080410,1028,-51.01100,143.27400,29.60000,29.00000,8.35370,8.35069,34.17880,287.05000,-9999.00000,-9999.00000,-9999.00000,-9999.00000,-9999.00000,-9999.00000,-9999.00000
09AR20080322,20080410,1028,-51.01100,143.27400,29.60000,29.00000,8.35580,8.35279,34.17910,287.05000,-9999.00000,-9999.00000,-9999.00000,-9999.00000,-9999.00000,-9999.00000,-9999.00000
09AR20080322,20080410,1028,-51.01100,143.27400,29.50000,29.00000,8.35290,8.34990,34.17870,286.34000,15.07000,1.35800,1.11550,2097.92000,2279.18000,3.76860,-9999.00000
09AR20080322,20080410,1028,-51.01100,143.27400,59.90000,59.00000,8.36270,8.35660,34.17870,285.99000,15.43000,1.45500,1.11550,2099.10000,2279.80000,3.79790,-9999.00000
09AR20080322,20080410,1028,-51.01100,143.27400,59.90000,59.00000,8.36070,8.35460,34.17970,285.56000,-9999.00000,-9999.00000,-9999.00000,-9999.00000,-9999.00000,-9999.00000,-9999.00000
09AR20080322,20080410,1028,-51.01100,143.27400,94.50000,94.00000,9.41300,9.40256,34.56350,266.86000,13.80000,3.20100,0.99910,2109.00000,2290.05000,3.51880,2.02470
09AR20080322,20080410,1028,-51.01100,143.27400,150.60000,149.00000,9.68460,9.66758,34.70220,260.97000,13.26000,4.07400,0.97000,2115.05000,2293.49000,3.45420,-9999.00000
09AR20080322,20080410,1028,-51.01100,143.27400,302.00000,299.00000,9.08160,9.04856,34.62360,254.79000,15.45000,5.04400,1.09610,2121.67000,2291.04000,3.46130,-9999.00000
09AR20080322,20080410,1028,-51.01100,143.27400,551.30000,546.00000,7.50480,7.45021,34.45490,227.45000,21.56000,10.28200,1.46470,2148.35000,2286.67000,3.12160,-9999.00000
09AR20080322,20080410,1028,-51.01100,143.27400,800.80000,792.00000,4.90960,4.84485,34.29850,223.10000,28.16000,22.21300,1.90120,2177.57000,2287.09000,2.91550,-9999.00000
09AR20080322,20080410,1028,-51.01100,143.27400,1049.10000,1037.00000,3.66670,3.58994,34.32250,207.85000,31.33000,37.34500,2.13400,2201.46000,2302.59000,2.03810,-9999.00000
09AR20080322,20080410,1028,-51.01100,143.27400,1307.30000,1292.00000,2.94650,2.85527,34.44650,182.52000,33.74000,56.93900,2.29890,2233.87000,2320.79000,0.97870,-9999.00000
09AR20080322,20080410,1028,-51.01100,143.27400,1598.20000,1578.00000,2.67410,2.56197,34.57320,173.49000,33.57000,68.09400,2.29890,2248.06000,2330.24000,0.40650,-9999.00000
09AR20080322,20080410,1028,-51.01100,143.27400,1801.80000,1779.00000,2.50800,2.38082,34.64720,176.65000,32.25000,72.07100,2.21160,2249.66000,2337.23000,0.24090,-9999.00000
09AR20080322,20080410,1028,-51.01100,143.27400,2052.40000,2025.00000,2.33820,2.19180,34.70870,183.04000,30.87000,76.04800,2.13400,2246.68000,2343.44000,0.14840,-9999.00000
09AR20080322,20080410,1028,-51.01100,143.27400,2300.20000,2268.00000,2.12760,1.96268,34.74120,190.19000,-9999.00000,80.89800,2.09520,2247.60000,2348.12000,0.09910,-9999.00000
09AR20080322,20080410,1028,-51.01100,143.27400,2551.30000,2514.00000,2.00640,1.82086,34.74780,192.14000,-9999.00000,85.55400,2.09520,2248.52000,2353.11000,0.07120,-9999.00000
09AR20080322,20080410,1028,-51.01100,143.27400,2803.00000,2760.00000,1.76670,1.56247,34.74710,196.79000,-9999.00000,91.95600,2.11460,2249.40000,2351.72000,0.06900,-9999.00000
09AR20080322,20080410,1028,-51.01100,143.27400,3048.50000,3000.00000,1.48310,1.26170,34.73780,200.52000,-9999.00000,101.36500,2.15340,2254.07000,2358.78000,0.07470,-9999.00000
09AR20080322,20080410,1028,-51.01100,143.27400,3300.30000,3246.00000,1.23080,0.99094,34.72660,203.18000,-9999.00000,109.31900,2.18250,2259.26000,2362.08000,0.08650,-9999.00000
09AR20080322,20080410,1028,-51.01100,143.27400,3548.60000,3489.00000,1.10510,0.84379,34.72130,204.09000,-9999.00000,113.58700,2.20079,2262.48000,2365.08000,0.07690,-9999.00000
09AR20080322,20080410,1028,-51.01100,143.27400,3802.50000,3736.00000,1.07540,0.78898,34.71740,204.48000,-9999.00000,115.62400,2.21160,2263.85000,2369.78000,0.09360,-9999.00000
09AR20080322,20080410,1028,-51.01100,143.27400,3848.50000,3781.00000,1.07860,0.78730,34.71780,203.95000,-9999.00000,115.62400,2.21160,2262.83000,2368.14000,0.07690,-9999.00000
09AR20080322,20080410,1600,-50.67980,143.42000,9.00000,9.00000,9.24770,9.24672,34.40450,278.02000,13.74000,2.13400,0.98940,2099.11000,2285.75000,3.58860,-9999.00000
09AR20080322,20080410,1600,-50.67980,143.42000,28.40000,28.00000,9.23150,9.22842,34.40160,281.32000,14.32810,2.13453,0.99900,-9999.00000,-9999.00000,-9999.00000,-9999.00000
09AR20080322,20080410,1600,-50.67980,143.42000,28.60000,28.00000,9.23470,9.23160,34.40190,281.32000,14.32890,2.13432,0.99904,-9999.00000,-9999.00000,-9999.00000,-9999.00000
09AR20080322,20080410,1600,-50.67980,143.42000,28.90000,29.00000,9.20040,9.19727,34.39550,278.59000,14.33000,2.13400,0.99910,2099.72000,2284.18000,3.62340,-9999.00000
09AR20080322,20080410,1600,-50.67980,143.42000,59.60000,59.00000,9.21960,9.21313,34.40250,278.20000,14.05000,2.03700,0.99910,2099.50000,2284.82000,3.62070,-9999.00000
09AR20080322,20080410,1600,-50.67980,143.42000,91.30000,90.00000,9.15150,9.14162,34.38330,278.06000,14.32000,2.13400,1.00880,2100.38000,2283.58000,-9999.00000,-9999.00000
09AR20080322,20080410,1600,-50.67980,143.42000,117.90000,117.00000,9.38220,9.36919,34.53150,268.47000,13.99000,3.00700,0.98940,2108.13000,2287.44000,-9999.00000,-9999.00000
09AR20080322,20080410,1600,-50.67980,143.42000,200.70000,199.00000,9.35380,9.33156,34.63900,263.88000,14.00000,4.07400,0.99910,2111.11000,2289.92000,-9999.00000,-9999.00000
09AR20080322,20080410,1600,-50.67980,143.42000,299.30000,297.00000,9.25980,9.22666,34.63990,262.45000,14.37000,4.26800,1.00880,2114.55000,2290.53000,3.53750,2.00310
09AR20080322,20080410,1600,-50.67980,143.42000,399.30000,395.00000,8.94440,8.90089,34.60300,254.91000,15.69000,4.94700,1.09610,2120.17000,2288.42000,-9999.00000,-9999.00000
09AR20080322,20080410,1600,-50.67980,143.42000,501.30000,496.00000,8.71510,8.66102,34.58670,251.91000,16.52000,5.33500,1.17370,2124.85000,2290.05000,3.53410,-9999.00000
09AR20080322,20080410,1600,-50.67980,143.42000,700.10000,693.00000,7.43970,7.37001,34.46910,216.53000,22.39000,11.83400,1.53260,2152.96000,2285.14000,-9999.00000,-9999.00000
09AR20080322,20080410,1600,-50.67980,143.42000,899.50000,890.00000,5.52900,5.45127,34.38020,203.23000,27.39000,24.15300,1.89150,2180.14000,2291.81000,-9999.00000,-9999.00000
09AR20080322,20080410,1600,-50.67980,143.42000,1100.80000,1088.00000,3.87440,3.79165,34.33350,205.63000,30.83000,36.37500,2.11460,2202.96000,2299.42000,1.93050,-9999.00000
09AR20080322,20080410,1600,-50.67980,143.42000,1299.70000,1284.00000,3.30830,3.21415,34.39960,189.92000,33.39000,49.76100,2.24070,2223.88000,2312.29000,-9999.00000,-9999.00000
09AR20080322,20080410,1600,-50.67980,143.42000,1500.40000,1482.00000,2.89390,2.78740,34.50990,173.12000,34.10000,65.18400,2.31830,2245.57000,2329.94000,0.55120,-9999.00000
09AR20080322,20080410,1600,-50.67980,143.42000,1699.70000,1678.00000,2.63240,2.51233,34.58650,173.67000,33.53000,69.16100,2.26980,2246.72000,2333.21000,-9999.00000,-9999.00000
09AR20080322,20080410,1600,-50.67980,143.42000,1999.30000,1973.00000,2.42980,2.28671,34.68220,179.22000,31.92000,74.59300,2.19220,2250.30000,2339.58000,-9999.00000,-9999.00000
09AR20080322,20080410,1600,-50.67980,143.42000,2301.70000,2269.00000,2.22190,2.05525,34.73330,188.32000,30.57000,79.15200,2.10490,2245.52000,2345.09000,0.11250,-9999.00000
09AR20080322,20080410,1600,-50.67980,143.42000,2600.80000,2562.00000,2.01940,1.82903,34.74730,194.45000,30.03000,83.90500,2.08550,2244.01000,2346.69000,0.09830,-9999.00000
09AR20080322,20080410,1600,-50.67980,143.42000,2901.90000,2857.00000,1.71820,1.50562,34.74650,198.32000,30.17000,92.63500,2.11460,2248.27000,2354.54000,0.08310,-9999.00000
09AR20080322,20080410,1600,-50.67980,143.42000,3201.90000,3150.00000,1.42060,1.18581,34.73450,201.09000,30.31000,102.14100,2.13400,2255.51000,2358.04000,0.06510,-9999.00000
09AR20080322,20080410,1600,-50.67980,143.42000,3504.60000,3446.00000,1.08320,0.82686,34.71930,204.34000,30.85000,113.78100,2.19220,2260.85000,2365.61000,0.08300,-9999.00000
09AR20080322,20080410,1600,-50.67980,143.42000,3563.40000,3503.00000,1.08100,0.81882,34.72030,204.17000,30.68000,113.39300,2.19220,2263.28000,2365.08000,0.08750,-9999.00000
09AR20080322,20080410,2135,-50.39880,143.53000,20.10000,20.00000,9.79230,9.79003,34.50620,274.98000,12.54000,1.84300,0.90210,2094.68000,2289.36000,3.49230,2.05600
09AR20080322,20080410,2135,-50.39880,143.53000,48.30000,48.00000,9.79190,9.78645,34.50490,275.56000,-9999.00000,-9999.00000,-9999.00000,-9999.00000,-9999.00000,-9999.00000,-9999.00000
09AR20080322,20080410,2135,-50.39880,143.53000,48.10000,48.00000,9.78430,9.77887,34.50370,275.56000,-9999.00000,-9999.00000,-9999.00000,-9999.00000,-9999.00000,-9999.00000,-9999.00000
09AR20080322,20080410,2135,-50.39880,143.53000,48.40000,48.00000,9.78500,9.77954,34.50400,274.71000,12.50000,1.84300,0.90210,2095.40000,2288.55000,3.52590,2.03400
09AR20080322,20080410,2135,-50.39880,143.53000,99.80000,99.00000,9.78270,9.77141,34.50230,274.71000,12.52000,1.84300,0.90210,2097.01000,2288.65000,3.45000,2.00880
09AR20080322,20080410,2135,-50.39880,143.53000,129.40000,128.00000,9.77160,9.75695,34.50070,274.94000,12.38000,1.84300,0.91180,2095.96000,2289.30000,3.49860,2.05760
09AR20080322,20080410,2135,-50.39880,143.53000,168.10000,167.00000,9.41740,9.39873,34.63090,262.97000,13.77000,3.39500,0.97970,2112.28000,2288.92000,3.43050,1.96440
09AR20080322,20080410,2135,-50.39880,143.53000,199.70000,198.00000,9.09990,9.07817,34.58420,266.41000,14.01000,3.49200,0.98940,2110.77000,2289.07000,3.67300,2.05890
09AR20080322,20080410,2135,-50.39880,143.53000,300.00000,297.00000,9.01050,8.97786,34.57830,267.23000,14.10000,3.68600,0.99910,2110.57000,2288.17000,3.65170,2.07530
09AR20080322,20080410,2135,-50.39880,143.53000,398.90000,395.00000,8.99320,8.94959,34.60790,258.00000,15.11000,4.36500,1.05730,2117.83000,2288.32000,3.67260,2.03530
09AR20080322,20080410,2135,-50.39880,143.53000,499.30000,494.00000,8.82310,8.76884,34.59910,255.69000,16.09000,4.75300,1.10580,2122.89000,2289.20000,3.56950,2.04490
09AR20080322,20080410,2135,-50.39880,143.53000,699.50000,692.00000,7.86480,7.79294,34.49760,225.53000,-9999.00000,9.50600,1.41620,2144.03000,2285.52000,3.16040,1.65160
09AR20080322,20080410,2135,-50.39880,143.53000,899.00000,889.00000,6.15540,6.07344,34.40100,205.20000,27.04000,19.49700,1.76540,2170.72000,2289.24000,2.29470,1.16580
09AR20080322,20080410,2135,-50.39880,143.53000,1099.60000,1087.00000,4.34990,4.26324,34.32840,208.99000,30.65000,31.04000,2.02730,2193.19000,2296.09000,2.11980,1.07890
09AR20080322,20080410,2135,-50.39880,143.53000,1299.00000,1284.00000,3.53590,3.43950,34.41650,184.65000,33.07000,51.02200,2.22130,2223.23000,2317.01000,1.04290,0.50220
09AR20080322,20080410,2135,-50.39880,143.53000,1499.80000,1482.00000,2.99050,2.88298,34.49250,173.16000,34.02000,63.43800,2.29890,2243.73000,2328.09000,0.62790,0.39780
09AR20080322,20080410,2135,-50.39880,143.53000,1798.50000,1775.00000,2.60220,2.47414,34.60440,170.97000,33.04000,70.22800,2.24070,-9999.00000,-9999.00000,0.36550,0.18080
09AR20080322,20080410,2135,-50.39880,143.53000,2101.40000,2073.00000,2.42180,2.26986,34.68970,179.91000,31.58000,74.88400,2.14370,2246.53000,2342.13000,0.20930,-9999.00000
09AR20080322,20080410,2135,-50.39880,143.53000,2398.40000,2364.00000,2.21590,2.04059,34.73210,186.50000,30.54000,81.09200,2.09520,2247.38000,2348.14000,0.10660,0.05440
09AR20080322,20080410,2135,-50.39880,143.53000,2697.40000,2657.00000,1.91910,1.72169,34.74770,195.01000,29.91000,87.88200,2.06610,2248.98000,2352.18000,0.08350,0.04150
09AR20080322,20080410,2135,-50.39880,143.53000,2999.70000,2953.00000,1.63610,1.41596,34.74390,199.31000,29.82000,94.96300,2.08550,2249.50000,2354.05000,0.10620,0.05220
09AR20080322,20080410,2135,-50.39880,143.53000,3299.20000,3245.00000,1.32680,1.08472,34.73000,201.17000,30.27000,106.60300,2.12430,2256.97000,2359.23000,0.07480,0.03970
09AR20080322,20080410,2135,-50.39880,143.53000,3489.10000,3431.00000,1.19540,0.93774,34.72390,202.48000,30.57000,110.58000,2.15340,2262.24000,2364.89000,0.07490,0.03920
09AR20080322,20080410,2135,-50.39880,143.53000,3539.60000,3480.00000,1.19310,0.93043,34.72350,202.79000,30.40000,110.96800,2.16310,2260.71000,2364.29000,0.07440,0.03500
09AR20080322,20080411,0301,-50.15950,143.66200,8.50000,8.00000,10.16420,10.16320,34.58480,271.59000,11.56000,1.84300,0.87300,2092.59000,2292.72000,3.41740,1.98910
09AR20080322,20080411,0301,-50.15950,143.66200,50.30000,50.00000,10.17100,10.16520,34.58720,270.48000,-9999.00000,-9999.00000,-9999.00000,-9999.00000,-9999.00000,-9999.00000,-9999.00000
09AR20080322,20080411,0301,-50.15950,143.66200,51.10000,51.00000,10.17120,10.16530,34.58680,270.27000,-9999.00000,-9999.00000,-9999.00000,-9999.00000,-9999.00000,-9999.00000,-9999.00000
09AR20080322,20080411,0301,-50.15950,143.66200,51.00000,51.00000,10.17070,10.16480,34.58670,271.62000,11.46000,1.74600,0.85360,2091.17000,2294.13000,3.36880,-9999.00000
09AR20080322,20080411,0301,-50.15950,143.66200,120.70000,120.00000,10.17110,10.15710,34.59080,270.84000,11.52000,1.84300,0.86330,2093.58000,2294.65000,3.41930,1.97510
09AR20080322,20080411,0301,-50.15950,143.66200,249.70000,247.00000,9.10770,9.08043,34.59650,264.62000,14.60000,3.68600,1.00880,2108.42000,2288.95000,3.59800,2.05090
09AR20080322,20080411,0301,-50.15950,143.66200,401.20000,397.00000,8.96740,8.92361,34.60690,256.69000,15.91000,4.46200,1.08640,2115.69000,2290.31000,3.60540,2.03410
09AR20080322,20080411,0301,-50.15950,143.66200,550.00000,545.00000,8.68100,8.62164,34.58320,251.20000,17.15000,5.33500,1.17370,2128.42000,2292.69000,3.58210,1.98980
09AR20080322,20080411,0301,-50.15950,143.66200,698.60000,691.00000,7.94650,7.87431,34.50360,229.58000,20.67000,9.02100,1.39680,-9999.00000,-9999.00000,-9999.00000,-9999.00000
09AR20080322,20080411,0301,-50.15950,143.66200,849.30000,840.00000,6.47900,6.39977,34.41730,206.07000,25.49000,17.55700,1.73630,2163.83000,2288.97000,2.30290,1.20570
09AR20080322,20080411,0301,-50.15950,143.66200,1049.90000,1038.00000,4.73240,4.64699,34.32010,213.34000,29.78000,26.19000,1.96910,-9999.00000,-9999.00000,-9999.00000,-9999.00000
09AR20080322,20080411,0301,-50.15950,143.66200,1200.10000,1186.00000,3.88880,3.79752,34.34960,200.24000,31.82000,39.18800,2.14370,2203.28000,2304.09000,1.69620,0.85220
09AR20080322,20080411,0301,-50.15950,143.66200,1399.80000,1383.00000,3.31620,3.21355,34.43870,179.92000,33.47000,56.06600,2.28920,-9999.00000,-9999.00000,-9999.00000,-9999.00000
09AR20080322,20080411,0301,-50.15950,143.66200,1600.80000,1581.00000,2.81580,2.70189,34.51250,175.07000,33.86000,63.92300,2.32800,2239.79000,2327.31000,0.64340,0.31350
09AR20080322,20080411,0301,-50.15950,143.66200,1801.30000,1778.00000,2.60840,2.48003,34.59930,173.62000,33.20000,70.22800,2.27950,-9999.00000,-9999.00000,-9999.00000,-9999.00000
09AR20080322,20080411,0301,-50.15950,143.66200,2000.50000,1974.00000,2.47960,2.33571,34.66610,176.86000,32.11570,73.57730,2.22017,2245.16000,2340.15000,0.20950,0.10160
09AR20080322,20080411,0301,-50.15950,143.66200,2299.70000,2268.00000,2.27010,2.10283,34.72380,185.64000,30.58000,78.08500,2.13400,-9999.00000,-9999.00000,-9999.00000,-9999.00000
09AR20080322,20080411,0301,-50.15950,143.66200,2598.50000,2560.00000,2.03740,1.84691,34.74650,193.23000,29.88000,83.80800,2.09520,2242.11000,2348.83000,0.11220,0.05070
09AR20080322,20080411,0301,-50.15950,143.66200,2801.30000,2759.00000,1.89550,1.68876,34.74920,196.62000,29.64000,87.10600,2.09520,-9999.00000,-9999.00000,-9999.00000,-9999.00000
09AR20080322,20080411,0301,-50.15950,143.66200,3047.90000,3000.00000,1.61800,1.39362,34.74210,198.70000,30.90000,97.97000,2.13400,2249.35000,2356.69000,0.08270,0.04020
09AR20080322,20080411,0301,-50.15950,143.66200,3296.40000,3243.00000,1.31490,1.07339,34.72960,200.66000,31.28000,109.02800,2.19220,-9999.00000,-9999.00000,-9999.00000,-9999.00000
09AR20080322,20080411,0301,-50.15950,143.66200,3598.30000,3537.00000,1.14730,0.87988,34.72190,203.09000,31.35000,114.07200,2.20190,2257.47000,2363.92000,0.09620,0.04330
09AR20080322,20080411,0301,-50.15950,143.66200,3820.60000,3754.00000,1.15320,0.86276,34.71970,203.26000,31.11000,114.07200,2.19220,-9999.00000,-9999.00000,-9999.00000,-9999.00000
09AR20080322,20080411,0301,-50.15950,143.66200,3868.00000,3800.00000,1.15870,0.86314,34.72030,203.74000,30.95000,113.29600,2.19220,2257.62000,2364.44000,0.09960,0.04760
09AR20080322,20080411,0830,-49.89320,143.80100,7.70000,8.00000,9.78080,9.77993,34.50600,274.28000,12.69000,2.03700,0.93120,2095.53000,2289.20000,3.47470,2.03370
09AR20080322,20080411,0830,-49.89320,143.80100,39.00000,39.00000,9.78720,9.78280,34.50680,273.80000,-9999.00000,-9999.00000,-9999.00000,-9999.00000,-9999.00000,-9999.00000,-9999.00000
09AR20080322,20080411,0830,-49.89320,143.80100,39.10000,39.00000,9.78600,9.78159,34.50640,273.80000,-9999.00000,-9999.00000,-9999.00000,-9999.00000,-9999.00000,-9999.00000,-9999.00000
09AR20080322,20080411,0830,-49.89320,143.80100,38.90000,39.00000,9.78800,9.78361,34.50700,274.20000,12.56000,2.03700,0.93120,2092.62000,2290.28000,3.51560,2.02910
09AR20080322,20080411,0830,-49.89320,143.80100,79.90000,79.00000,9.79230,9.78326,34.50480,274.23000,12.62000,2.23100,0.90210,2093.98000,2288.22000,3.46930,2.01680
09AR20080322,20080411,0830,-49.89320,143.80100,148.70000,147.00000,9.69010,9.67331,34.62210,263.25000,13.55000,3.20100,0.95060,2103.23000,2290.78000,3.47770,2.00140
09AR20080322,20080411,0830,-49.89320,143.80100,199.70000,198.00000,9.26760,9.24561,34.61740,263.36000,14.05000,3.39500,0.97970,2104.82000,2289.87000,3.52400,2.03150
09AR20080322,20080411,0830,-49.89320,143.80100,351.10000,348.00000,9.09930,9.06074,34.61800,257.00000,15.03000,3.97700,1.04760,2113.98000,2289.42000,3.56510,2.01090
09AR20080322,20080411,0830,-49.89320,143.80100,500.00000,495.00000,8.87790,8.82335,34.60600,252.78000,16.14000,4.85000,1.11550,-9999.00000,-9999.00000,-9999.00000,-9999.00000
09AR20080322,20080411,0830,-49.89320,143.80100,649.80000,643.00000,8.32220,8.25342,34.53900,243.24000,18.38000,6.59600,1.26100,2128.06000,2287.23000,3.39900,1.88280
09AR20080322,20080411,0830,-49.89320,143.80100,800.40000,792.00000,7.16920,7.09063,34.45220,212.00000,24.13000,13.28900,1.61020,2152.15000,2285.67000,2.57820,1.40380
09AR20080322,20080411,0830,-49.89320,143.80100,1000.10000,989.00000,4.96470,4.88193,34.32410,214.70000,29.63000,24.25000,2.00790,2174.30000,2290.63000,2.53610,1.31970
09AR20080322,20080411,0830,-49.89320,143.80100,1198.90000,1185.00000,3.99040,3.89826,34.36550,196.55000,-9999.00000,41.12800,2.15340,-9999.00000,-9999.00000,-9999.00000,-9999.00000
09AR20080322,20080411,0830,-49.89320,143.80100,1400.40000,1384.00000,3.29530,3.19282,34.44240,178.44000,-9999.00000,58.39400,2.29890,2228.10000,2321.13000,0.79610,0.39880
09AR20080322,20080411,0830,-49.89320,143.80100,1600.80000,1581.00000,2.78170,2.66822,34.50850,175.72000,-9999.00000,66.05700,2.35710,2238.53000,2326.13000,-9999.00000,-9999.00000
09AR20080322,20080411,0830,-49.89320,143.80100,1800.20000,1777.00000,2.60880,2.48051,34.60320,173.79000,-9999.00000,72.94400,2.27950,2244.08000,2334.61000,0.34840,0.17650
09AR20080322,20080411,0830,-49.89320,143.80100,1999.00000,1972.00000,2.48430,2.34047,34.66560,176.39000,32.96000,76.53300,2.19220,-9999.00000,-9999.00000,-9999.00000,-9999.00000
09AR20080322,20080411,0830,-49.89320,143.80100,2199.60000,2169.00000,2.35020,2.19063,34.70690,182.64000,32.03000,79.15200,2.14370,2245.15000,2341.05000,0.16590,0.08730
09AR20080322,20080411,0830,-49.89320,143.80100,2396.50000,2362.00000,2.21290,2.03781,34.73340,187.46000,31.28000,82.35300,2.11460,2242.38000,2345.75000,0.11900,0.05930
09AR20080322,20080411,0830,-49.89320,143.80100,2749.00000,2708.00000,1.89870,1.69686,34.74580,191.71000,31.27000,93.79900,2.14370,-9999.00000,-9999.00000,-9999.00000,-9999.00000
09AR20080322,20080411,0830,-49.89320,143.80100,3100.70000,3052.00000,1.53220,1.30466,34.73870,199.53000,31.09000,100.97700,2.10490,2246.86000,2357.51000,0.08470,0.04220
09AR20080322,20080411,0830,-49.89320,143.80100,3401.20000,3345.00000,1.23030,0.98052,34.72590,202.39000,31.42000,108.73700,2.18250,2250.77000,2362.36000,0.09900,0.04850
09AR20080322,20080411,0830,-49.89320,143.80100,3700.20000,3637.00000,1.14720,0.86939,34.72060,203.44000,31.58000,112.22900,2.19220,2255.75000,2365.64000,0.08960,0.04510
09AR20080322,20080411,0830,-49.89320,143.80100,3805.50000,3739.00000,1.14930,0.86054,34.72010,204.00000,31.40000,112.22900,2.18250,2255.43000,2363.70000,0.09690,0.04850
09AR20080322,20080411,1445,-49.60980,143.92900,9.40000,9.00000,9.51320,9.51216,34.45480,276.33000,13.37000,2.03700,0.96030,2099.59000,2284.11000,3.61260,2.05940
09AR20080322,20080411,1445,-49.60980,143.92900,50.40000,50.00000,9.52080,9.51521,34.45690,276.02000,-9999.00000,-9999.00000,-9999.00000,-9999.00000,-9999.00000,-9999.00000,-9999.00000
09AR20080322,20080411,1445,-49.60980,143.92900,50.50000,50.00000,9.52250,9.51690,34.45570,276.02000,-9999.00000,-9999.00000,-9999.00000,-9999.00000,-9999.00000,-9999.00000,-9999.00000
09AR20080322,20080411,1445,-49.60980,143.92900,50.60000,50.00000,9.52330,9.51769,34.45690,276.45000,13.34000,2.03700,0.96030,2102.45000,2285.89000,3.56250,2.05460
09AR20080322,20080411,1445,-49.60980,143.92900,120.70000,120.00000,9.60490,9.59139,34.47120,275.76000,13.08000,2.03700,0.94090,2097.67000,2284.98000,3.52560,2.04550
09AR20080322,20080411,1445,-49.60980,143.92900,229.10000,227.00000,9.25030,9.22506,34.61260,264.66000,14.03000,3.29800,0.97970,2114.55000,2286.53000,3.55350,2.03460
09AR20080322,20080411,1445,-49.60980,143.92900,350.80000,348.00000,9.05500,9.01660,34.59750,262.27000,14.87000,3.88000,1.02820,2116.26000,2287.34000,3.55160,2.02850
09AR20080322,20080411,1445,-49.60980,143.92900,449.20000,445.00000,8.92080,8.87180,34.60260,256.87000,15.77000,4.36500,1.06700,2125.80000,2285.82000,3.61460,2.03710
09AR20080322,20080411,1445,-49.60980,143.92900,650.40000,644.00000,8.33090,8.26201,34.54150,241.68000,18.75000,6.59600,1.26100,2133.66000,2285.71000,3.42000,1.87350
09AR20080322,20080411,1445,-49.60980,143.92900,799.40000,791.00000,7.17550,7.09700,34.45100,213.04000,23.82000,13.09500,1.58110,2160.12000,2284.42000,2.79470,1.45090
09AR20080322,20080411,1445,-49.60980,143.92900,999.70000,989.00000,5.27410,5.18897,34.35150,208.66000,28.60000,23.76500,1.89150,2178.54000,2289.46000,2.33270,1.19220
09AR20080322,20080411,1445,-49.60980,143.92900,1200.60000,1187.00000,4.12220,4.02870,34.36860,196.32000,31.29000,39.96400,2.09520,2205.96000,2304.15000,1.55000,0.76460
09AR20080322,20080411,1445,-49.60980,143.92900,1399.20000,1383.00000,3.15960,3.05874,34.41670,188.61000,33.13000,53.64100,2.24070,2225.28000,2314.06000,1.11260,0.55960
09AR20080322,20080411,1445,-49.60980,143.92900,1599.40000,1580.00000,2.85360,2.73939,34.49560,176.64000,33.56000,63.72900,2.27950,2244.18000,2324.17000,0.70340,0.35430
09AR20080322,20080411,1445,-49.60980,143.92900,1800.10000,1777.00000,2.64450,2.51581,34.57590,173.93000,32.88000,70.03400,2.26010,2245.95000,2330.35000,0.46100,0.22910
09AR20080322,20080411,1445,-49.60980,143.92900,2000.20000,1974.00000,2.48230,2.33844,34.65080,177.00000,32.22000,74.98100,2.19220,2251.15000,2335.60000,0.29960,0.15020
09AR20080322,20080411,1445,-49.60980,143.92900,2200.30000,2170.00000,2.38150,2.22137,34.70200,182.07000,31.75830,78.86100,2.14370,2244.77000,2341.94000,0.16590,0.08460
09AR20080322,20080411,1445,-49.60980,143.92900,2399.10000,2365.00000,2.24240,2.06656,34.73070,187.24000,31.47000,81.96500,2.10490,2257.03000,2344.83000,0.14510,0.07230
09AR20080322,20080411,1445,-49.60980,143.92900,2599.80000,2562.00000,2.09540,1.90368,34.74390,190.19000,31.32000,87.68800,2.08550,2248.25000,2350.24000,0.07990,0.03580
09AR20080322,20080411,1445,-49.60980,143.92900,2798.50000,2756.00000,1.92500,1.71794,34.74430,190.76000,30.66000,94.38100,2.12430,2260.70000,2357.61000,0.03460,0.01490
09AR20080322,20080411,1445,-49.60980,143.92900,3001.20000,2955.00000,1.69790,1.47626,34.74230,195.75000,30.95000,99.52200,2.12430,2257.12000,2358.78000,0.04920,0.02310
09AR20080322,20080411,1445,-49.60980,143.92900,3400.00000,3344.00000,1.28870,1.03759,34.72760,202.26000,32.22000,109.51300,2.18250,2256.96000,2361.27000,0.09030,0.04440
09AR20080322,20080411,1445,-49.60980,143.92900,3748.20000,3684.00000,1.14630,0.86357,34.72050,202.79000,32.73000,113.68400,2.21160,2263.73000,2366.45000,0.07180,0.03560
09AR20080322,20080411,1445,-49.60980,143.92900,3803.60000,3738.00000,1.15360,0.86492,34.72050,202.87000,32.72000,113.68400,2.23100,2265.80000,2365.34000,0.06280,0.03240
09AR20080322,20080411,1952,-49.27080,144.09400,3.30000,3.00000,9.60940,9.60903,34.46750,275.36000,12.91000,2.03700,0.94090,-9999.00000,-9999.00000,-9999.00000,-9999.00000
09AR20080322,20080411,1952,-49.27080,144.09400,22.90000,23.00000,9.59630,9.59375,34.47160,275.08000,12.90000,2.03700,0.94090,-9999.00000,-9999.00000,-9999.00000,-9999.00000
09AR20080322,20080411,1952,-49.27080,144.09400,22.80000,23.00000,9.59640,9.59386,34.47170,275.08000,12.90000,2.03700,0.94088,-9999.00000,-9999.00000,-9999.00000,-9999.00000
09AR20080322,20080411,1952,-49.27080,144.09400,22.90000,23.00000,9.59650,9.59395,34.47090,275.50000,12.90000,2.03700,0.94090,-9999.00000,-9999.00000,-9999.00000,-9999.00000
09AR20080322,20080411,1952,-49.27080,144.09400,48.40000,48.00000,9.59870,9.59331,34.47110,275.50000,12.90000,2.03700,0.95060,-9999.00000,-9999.00000,-9999.00000,-9999.00000
09AR20080322,20080411,1952,-49.27080,144.09400,74.90000,74.00000,9.59920,9.59084,34.47120,275.24000,12.89000,2.03700,0.95060,-9999.00000,-9999.00000,-9999.00000,-9999.00000
09AR20080322,20080411,1952,-49.27080,144.09400,147.70000,146.00000,9.49560,9.47917,34.45610,274.49000,13.24000,2.13400,0.97000,-9999.00000,-9999.00000,-9999.00000,-9999.00000
09AR20080322,20080411,1952,-49.27080,144.09400,501.10000,496.00000,8.89900,8.84426,34.60010,254.82000,15.97000,4.65600,1.09610,-9999.00000,-9999.00000,-9999.00000,-9999.00000
09AR20080322,20080411,1952,-49.27080,144.09400,1000.30000,989.00000,5.30910,5.22363,34.36470,204.92000,28.53000,25.02600,1.90120,-9999.00000,-9999.00000,-9999.00000,-9999.00000
09AR20080322,20080411,1952,-49.27080,144.09400,1011.60000,1001.00000,5.14430,5.05906,34.35860,204.01000,-9999.00000,-9999.00000,-9999.00000,-9999.00000,-9999.00000,-9999.00000,-9999.00000
09AR20080322,20080411,1952,-49.27080,144.09400,1708.40000,1687.00000,2.72170,2.59986,34.54320,173.78000,-9999.00000,-9999.00000,-9999.00000,-9999.00000,-9999.00000,-9999.00000,-9999.00000
09AR20080322,20080411,1952,-49.27080,144.09400,1900.60000,1876.00000,2.55230,2.41614,34.62150,174.58000,32.70000,73.42900,2.22130,2250.88000,2335.57000,0.33110,0.16590
09AR20080322,20080411,1952,-49.27080,144.09400,2198.40000,2168.00000,2.37910,2.21919,34.70090,178.47000,31.39000,80.70400,2.17280,2254.49000,2345.07000,0.13130,0.06610
09AR20080322,20080411,1952,-49.27080,144.09400,2498.90000,2463.00000,2.16340,1.97979,34.73780,185.55000,30.42000,87.10600,2.12430,2255.68000,2352.91000,0.06970,0.03460
09AR20080322,20080411,1952,-49.27080,144.09400,2509.40000,2473.00000,2.15110,1.96675,34.73820,185.43000,30.40650,87.33400,2.12270,-9999.00000,-9999.00000,-9999.00000,-9999.00000
09AR20080322,20080411,1952,-49.27080,144.09400,2901.00000,2857.00000,1.79400,1.57990,34.74430,193.01000,30.17000,96.03000,2.11460,2259.54000,2358.95000,0.04480,0.02370
09AR20080322,20080411,1952,-49.27080,144.09400,2910.70000,2866.00000,1.77980,1.56508,34.74380,192.54000,30.16640,96.23590,2.11473,-9999.00000,-9999.00000,-9999.00000,-9999.00000
09AR20080322,20080411,1952,-49.27080,144.09400,3201.90000,3151.00000,1.51650,1.27946,34.73720,198.48000,30.11000,101.36500,2.12430,2257.78000,2360.29000,0.07320,0.03850
09AR20080322,20080411,1952,-49.27080,144.09400,3497.90000,3440.00000,1.25350,0.99348,34.72580,202.26000,30.60000,108.05800,2.15340,2261.92000,2361.17000,0.09400,0.04780
09AR20080322,20080411,1952,-49.27080,144.09400,3798.40000,3733.00000,1.20700,0.91740,34.72310,202.91000,32.19000,111.55000,2.18250,2262.94000,2362.95000,0.09330,0.04750
09AR20080322,20080411,1952,-49.27080,144.09400,3799.20000,3733.00000,1.20720,0.91751,34.72330,203.20000,32.19020,111.55400,2.18257,-9999.00000,-9999.00000,-9999.00000,-9999.00000
09AR20080322,20080411,1952,-49.27080,144.09400,4253.50000,4176.00000,1.20300,0.86460,34.72070,203.44000,32.29000,113.00500,2.19220,2264.86000,2364.59000,0.09200,0.04810
09AR20080322,20080411,1952,-49.27080,144.09400,4300.20000,4221.00000,1.20520,0.86154,34.72230,203.60000,32.30000,113.00500,2.19220,2264.11000,2364.87000,0.09600,0.04920
09AR20080322,20080411,1952,-49.27080,144.09400,4302.90000,4224.00000,1.20600,0.86203,34.72080,203.40000,-9999.00000,-9999.00000,-9999.00000,-9999.00000,-9999.00000,-9999.00000,-9999.00000
09AR20080322,20080412,0008,-49.26970,144.09900,10.70000,11.00000,9.60730,9.60611,34.46970,275.98000,12.73000,2.13400,0.95060,2099.57000,2286.22000,3.53810,2.04440
09AR20080322,20080412,0008,-49.26970,144.09900,24.40000,24.00000,9.60480,9.60208,34.47010,275.37000,12.48900,2.13400,0.93127,-9999.00000,-9999.00000,-9999.00000,-9999.00000
09AR20080322,20080412,0008,-49.26970,144.09900,24.30000,24.00000,9.60530,9.60259,34.47010,275.37000,12.48940,2.13400,0.93125,-9999.00000,-9999.00000,-9999.00000,-9999.00000
09AR20080322,20080412,0008,-49.26970,144.09900,24.10000,24.00000,9.60460,9.60192,34.46970,275.80000,12.49000,2.13400,0.93120,-9999.00000,-9999.00000,-9999.00000,-9999.00000
09AR20080322,20080412,0008,-49.26970,144.09900,48.90000,48.00000,9.58800,9.58255,34.46930,275.24000,12.46000,2.13400,0.96030,2100.04000,2285.85000,3.53100,2.04670
09AR20080322,20080412,0008,-49.26970,144.09900,75.50000,75.00000,9.59950,9.59107,34.47180,275.94000,12.49000,2.13400,0.95060,-9999.00000,-9999.00000,-9999.00000,-9999.00000
09AR20080322,20080412,0008,-49.26970,144.09900,100.60000,100.00000,9.60960,9.59835,34.47460,275.32000,12.25000,2.13400,0.94090,2101.32000,2287.24000,3.53720,2.03650
09AR20080322,20080412,0008,-49.26970,144.09900,149.00000,148.00000,9.58630,9.56962,34.48220,272.45000,12.34000,2.23100,0.95060,-9999.00000,-9999.00000,-9999.00000,-9999.00000
09AR20080322,20080412,0008,-49.26970,144.09900,200.00000,198.00000,9.26260,9.24059,34.59560,265.37000,13.29000,3.39500,0.97970,2112.38000,2289.47000,3.56070,2.02660
09AR20080322,20080412,0008,-49.26970,144.09900,249.40000,247.00000,9.06030,9.03315,34.58120,267.27000,13.82000,3.78300,0.98940,-9999.00000,-9999.00000,-9999.00000,-9999.00000
09AR20080322,20080412,0008,-49.26970,144.09900,301.30000,299.00000,9.12850,9.09544,34.60440,264.57000,14.09000,4.07400,0.99910,2114.77000,2289.90000,3.55410,2.02250
09AR20080322,20080412,0008,-49.26970,144.09900,451.90000,448.00000,8.91920,8.86990,34.60010,255.64000,15.84420,4.94931,1.08660,-9999.00000,-9999.00000,-9999.00000,-9999.00000
09AR20080322,20080412,0008,-49.26970,144.09900,451.50000,447.00000,8.91880,8.86955,34.60030,256.39000,15.84000,4.94700,1.08640,2121.87000,2288.97000,3.62440,2.02560
09AR20080322,20080412,0008,-49.26970,144.09900,525.60000,520.00000,8.81260,8.75544,34.59460,251.73000,16.51000,5.33500,1.11550,-9999.00000,-9999.00000,-9999.00000,-9999.00000
09AR20080322,20080412,0008,-49.26970,144.09900,598.60000,593.00000,8.53770,8.47356,34.56220,246.16000,17.74000,6.11100,1.19310,-9999.00000,-9999.00000,-9999.00000,-9999.00000
09AR20080322,20080412,0008,-49.26970,144.09900,699.20000,692.00000,7.85840,7.78661,34.49640,225.97000,21.08000,9.60300,1.39680,2145.87000,2285.77000,3.10160,1.66070
09AR20080322,20080412,0008,-49.26970,144.09900,799.30000,791.00000,6.95550,6.87834,34.43550,212.60000,24.38000,14.35600,1.61020,-9999.00000,-9999.00000,-9999.00000,-9999.00000
09AR20080322,20080412,0008,-49.26970,144.09900,900.50000,891.00000,6.13000,6.04808,34.39230,207.19000,26.67000,19.10900,1.75570,-9999.00000,-9999.00000,-9999.00000,-9999.00000
09AR20080322,20080412,0008,-49.26970,144.09900,998.70000,988.00000,5.37420,5.28838,34.36840,204.96000,28.40000,25.22000,1.87210,-9999.00000,-9999.00000,-9999.00000,-9999.00000
09AR20080322,20080412,0008,-49.26970,144.09900,1098.50000,1086.00000,4.58820,4.49962,34.34210,205.91000,29.88000,30.84600,1.98850,-9999.00000,-9999.00000,-9999.00000,-9999.00000
09AR20080322,20080412,0008,-49.26970,144.09900,1299.50000,1284.00000,3.51820,3.42203,34.37080,195.27000,32.47000,45.39600,2.17280,-9999.00000,2308.44000,1.49560,0.73900
09AR20080322,20080412,0008,-49.26970,144.09900,1497.80000,1480.00000,3.04420,2.93632,34.45650,179.42000,33.60000,58.97600,2.25040,-9999.00000,-9999.00000,-9999.00000,-9999.00000
09AR20080322,20080412,0008,-49.26970,144.09900,1697.30000,1676.00000,2.71120,2.59045,34.53660,174.72000,33.54000,67.02700,2.24070,2247.13000,2328.61000,0.59380,0.29250
09AR20080322,20080412,0008,-49.26970,144.09900,1897.80000,1873.00000,2.56670,2.43057,34.62380,175.27000,32.43000,72.26500,2.19220,-9999.00000,-9999.00000,-9999.00000,-9999.00000
09AR20080322,20080412,0531,-48.77830,144.31800,9.30000,9.00000,9.56550,9.56447,34.43220,278.98000,12.75000,2.03700,0.96030,2095.34000,2285.62000,3.53960,2.06570
09AR20080322,20080412,0531,-48.77830,144.31800,49.80000,49.00000,9.39250,9.38703,34.42680,278.29000,-9999.00000,-9999.00000,-9999.00000,-9999.00000,-9999.00000,-9999.00000,-9999.00000
09AR20080322,20080412,0531,-48.77830,144.31800,50.00000,50.00000,9.39220,9.38671,34.42660,278.29000,-9999.00000,-9999.00000,-9999.00000,-9999.00000,-9999.00000,-9999.00000,-9999.00000
09AR20080322,20080412,0531,-48.77830,144.31800,49.80000,49.00000,9.39760,9.39213,34.42710,279.59000,12.89000,2.03700,0.97000,2097.30000,2286.63000,3.58260,2.07360
09AR20080322,20080412,0531,-48.77830,144.31800,101.10000,100.00000,9.41030,9.39915,34.43920,276.54000,13.25000,2.13400,0.97970,2101.82000,2285.66000,3.58760,2.04650
09AR20080322,20080412,0531,-48.77830,144.31800,150.30000,149.00000,9.38030,9.36370,34.47110,272.18000,13.86000,2.61900,0.99910,2101.00000,2285.55000,3.55670,2.06070
09AR20080322,20080412,0531,-48.77830,144.31800,199.20000,197.00000,9.46520,9.44296,34.65250,261.63000,13.84000,3.49200,0.97970,2111.66000,2291.62000,3.51040,2.01130
09AR20080322,20080412,0531,-48.77830,144.31800,299.60000,297.00000,9.07410,9.04136,34.59750,264.62000,14.51000,3.97700,1.00880,2112.07000,2288.64000,3.58760,2.03370
09AR20080322,20080412,0531,-48.77830,144.31800,401.30000,398.00000,9.06840,9.02429,34.62290,254.00000,15.72000,4.65600,1.08640,2121.23000,2289.18000,3.51480,2.00270
09AR20080322,20080412,0531,-48.77830,144.31800,600.80000,595.00000,8.47090,8.40681,34.56330,241.25000,18.61000,6.59600,1.26100,2129.34000,2287.83000,3.37180,1.85950
09AR20080322,20080412,0531,-48.77830,144.31800,802.40000,794.00000,6.38150,6.30751,34.40470,208.07000,26.38000,17.75100,1.73630,2165.96000,2289.27000,2.51920,1.30890
09AR20080322,20080412,0531,-48.77830,144.31800,999.40000,989.00000,4.70320,4.62247,34.33520,209.21000,29.88000,28.61500,1.97880,2185.32000,2294.12000,2.21180,1.11430
09AR20080322,20080412,0531,-48.77830,144.31800,1250.00000,1236.00000,3.70050,3.60666,34.39740,188.66000,32.84000,48.40300,2.19220,2220.96000,2310.76000,1.19540,0.59430
09AR20080322,20080412,0531,-48.77830,144.31800,1500.70000,1483.00000,2.99510,2.88746,34.49210,174.78000,34.04000,64.89300,2.28920,2238.75000,2327.76000,0.60430,0.29740
09AR20080322,20080412,0531,-48.77830,144.31800,1697.40000,1676.00000,2.66880,2.54853,34.55700,174.02000,33.68000,69.16100,2.26980,2243.94000,2330.21000,0.51330,0.25830
09AR20080322,20080412,0531,-48.77830,144.31800,1900.30000,1876.00000,2.51210,2.37652,34.63210,175.70000,32.69000,73.62300,2.21160,2246.44000,2336.82000,0.33210,0.16540
09AR20080322,20080412,0531,-48.77830,144.31800,2200.10000,2170.00000,2.35230,2.19264,34.71110,182.21000,31.08000,78.47300,2.12430,2244.51000,2344.54000,0.14560,0.07350
09AR20080322,20080412,0531,-48.77830,144.31800,2501.30000,2465.00000,2.11970,1.93668,34.73820,184.93000,30.75000,89.04600,2.12430,2253.01000,2355.55000,0.06010,0.03050
09AR20080322,20080412,0531,-48.77830,144.31800,2801.90000,2760.00000,1.91120,1.70408,34.74820,193.44000,30.18000,90.11300,2.06610,2249.35000,2353.74000,0.07620,0.03620
09AR20080322,20080412,0531,-48.77830,144.31800,3002.70000,2956.00000,1.71640,1.49421,34.74350,194.92000,30.31000,96.41800,2.10490,2251.61000,2358.39000,0.05720,0.02770
09AR20080322,20080412,0531,-48.77830,144.31800,3400.20000,3345.00000,1.37930,1.12593,34.73010,196.44000,30.76000,108.34900,2.16310,2263.13000,2369.64000,0.00940,0.00520
09AR20080322,20080412,0531,-48.77830,144.31800,3750.70000,3686.00000,1.18590,0.90184,34.72250,203.35000,30.43000,110.58000,2.14370,2256.37000,2362.22000,0.10650,0.05340
09AR20080322,20080412,0531,-48.77830,144.31800,3999.80000,3929.00000,1.16320,0.85354,34.72050,203.39000,31.11000,113.29600,2.16310,2259.64000,2365.44000,0.09620,0.04880
09AR20080322,20080412,0531,-48.77830,144.31800,4231.60000,4154.00000,1.15530,0.82074,34.71920,202.30000,-9999.00000,117.75800,2.18250,2261.97000,2368.97000,0.06820,0.03170
09AR20080322,20080412,1126,-48.32030,144.53000,9.10000,9.00000,10.50190,10.50080,34.46100,273.85000,10.93000,1.06700,0.84390,2086.60000,2288.74000,3.34930,1.95690
09AR20080322,20080412,1126,-48.32030,144.53000,29.40000,29.00000,10.49060,10.48710,34.47050,273.09000,-9999.00000,-9999.00000,-9999.00000,-9999.00000,-9999.00000,-9999.00000,-9999.00000
09AR20080322,20080412,1126,-48.32030,144.53000,29.10000,29.00000,10.48890,10.48550,34.47020,273.09000,10.61070,1.16368,0.82453,-9999.00000,-9999.00000,-9999.00000,-9999.00000
09AR20080322,20080412,1126,-48.32030,144.53000,29.20000,29.00000,10.49240,10.48900,34.47440,272.75000,10.61000,1.16400,0.82450,2085.23000,2288.77000,3.39560,1.97210
09AR20080322,20080412,1126,-48.32030,144.53000,79.30000,79.00000,10.39340,10.38410,34.47260,273.05000,10.81000,1.16400,0.84390,2089.12000,2288.09000,3.35380,1.98530
09AR20080322,20080412,1126,-48.32030,144.53000,109.10000,108.00000,10.07630,10.06370,34.46650,272.30000,11.65000,1.45500,0.90210,2094.08000,2286.79000,3.47770,2.01660
09AR20080322,20080412,1126,-48.32030,144.53000,202.30000,200.00000,8.95610,8.93430,34.55780,267.23000,14.45000,3.58900,1.00880,2111.64000,2286.97000,-9999.00000,-9999.00000
09AR20080322,20080412,1126,-48.32030,144.53000,297.20000,294.00000,9.00380,8.97148,34.58420,265.49000,14.89000,3.88000,1.01850,2113.23000,2287.15000,3.56430,2.04450
09AR20080322,20080412,1126,-48.32030,144.53000,399.30000,396.00000,8.96820,8.92462,34.60500,257.35000,16.11000,4.85000,1.08640,2119.20000,2289.80000,3.54410,2.00830
09AR20080322,20080412,1126,-48.32030,144.53000,601.80000,596.00000,8.11610,8.05352,34.51620,236.33000,20.50000,7.85700,1.34830,2137.60000,2287.03000,3.25530,1.78390
09AR20080322,20080412,1126,-48.32030,144.53000,800.80000,793.00000,6.40340,6.32943,34.40630,208.29000,27.12000,17.65400,1.74600,2166.18000,2289.37000,2.45650,1.28210
09AR20080322,20080412,1126,-48.32030,144.53000,1001.60000,991.00000,4.63470,4.55430,34.33490,210.86000,30.52000,29.10000,1.99820,-9999.00000,-9999.00000,-9999.00000,-9999.00000
09AR20080322,20080412,1126,-48.32030,144.53000,1199.60000,1186.00000,3.90130,3.80985,34.39800,188.66000,33.27000,45.97800,2.19220,2213.32000,2310.71000,1.15720,0.57260
09AR20080322,20080412,1126,-48.32030,144.53000,1400.70000,1384.00000,3.16280,3.06169,34.45460,178.08000,34.78000,58.29700,2.28920,2231.84000,2321.69000,0.77790,0.38920
09AR20080322,20080412,1126,-48.32030,144.53000,1600.30000,1581.00000,2.78810,2.67452,34.53170,172.55000,34.63000,66.83300,2.31830,2244.67000,2330.17000,-9999.00000,-9999.00000
09AR20080322,20080412,1126,-48.32030,144.53000,1800.40000,1778.00000,2.57000,2.44217,34.61870,171.74000,34.32880,73.81700,2.28920,2250.81000,2338.91000,0.24300,0.11940
09AR20080322,20080412,1126,-48.32030,144.53000,1999.40000,1973.00000,2.44440,2.30111,34.67300,173.35000,34.00000,78.76400,2.24070,2253.33000,2346.50000,-9999.00000,-9999.00000
09AR20080322,20080412,1126,-48.32030,144.53000,2300.20000,2268.00000,2.26930,2.10202,34.71860,176.08000,33.29000,87.39700,2.21160,2257.76000,2355.91000,0.04210,0.01870
09AR20080322,20080412,1126,-48.32030,144.53000,2600.50000,2563.00000,2.06590,1.87472,34.73570,178.89000,33.21000,96.12700,2.22130,2263.60000,2364.60000,-9999.00000,-9999.00000
09AR20080322,20080412,1126,-48.32030,144.53000,2899.40000,2855.00000,1.86200,1.64663,34.73980,184.89000,32.90000,100.49200,2.19220,2263.48000,2367.61000,0.00280,0.00000
09AR20080322,20080412,1126,-48.32030,144.53000,3200.70000,3150.00000,1.64540,1.40548,34.73720,189.84000,32.58000,105.63300,2.20190,2266.19000,2369.87000,0.00410,0.00230
09AR20080322,20080412,1126,-48.32030,144.53000,3500.70000,3443.00000,1.45880,1.19328,34.73270,195.14000,32.35000,108.83400,2.20190,2261.56000,2369.24000,0.00810,0.00300
09AR20080322,20080412,1126,-48.32030,144.53000,3803.20000,3738.00000,1.26030,0.96874,34.72520,200.31000,32.27000,112.81100,2.20190,2264.77000,2368.60000,-9999.00000,-9999.00000
09AR20080322,20080412,1126,-48.32030,144.53000,4058.20000,3986.00000,1.11640,0.80182,34.71890,201.43000,32.43000,116.88500,2.21160,2268.66000,2372.99000,0.02960,0.01600
09AR20080322,20080412,1828,-47.99980,144.67400,6.50000,6.00000,10.39970,10.39890,34.47180,273.36000,10.75000,1.16400,0.85360,-9999.00000,-9999.00000,3.38340,1.98100
09AR20080322,20080412,1828,-47.99980,144.67400,6.20000,6.00000,10.40200,10.40130,34.47230,-9999.00000,-9999.00000,-9999.00000,-9999.00000,-9999.00000,-9999.00000,-9999.00000,-9999.00000
09AR20080322,20080412,1828,-47.99980,144.67400,6.40000,6.00000,10.40200,10.40130,34.47190,-9999.00000,-9999.00000,-9999.00000,-9999.00000,-9999.00000,-9999.00000,-9999.00000,-9999.00000
09AR20080322,20080412,1828,-47.99980,144.67400,16.90000,17.00000,10.40610,10.40410,34.47240,272.24000,-9999.00000,-9999.00000,-9999.00000,-9999.00000,-9999.00000,-9999.00000,-9999.00000
09AR20080322,20080412,1828,-47.99980,144.67400,86.90000,86.00000,10.38510,10.37490,34.48740,271.65000,-9999.00000,-9999.00000,-9999.00000,-9999.00000,-9999.00000,-9999.00000,-9999.00000
09AR20080322,20080412,1828,-47.99980,144.67400,499.70000,495.00000,8.77810,8.72396,34.59240,253.73000,17.01000,5.04400,1.14460,-9999.00000,-9999.00000,3.54220,2.00370
09AR20080322,20080412,1828,-47.99980,144.67400,997.40000,987.00000,5.53450,5.44760,34.36880,206.10000,28.92000,23.28000,1.87210,-9999.00000,-9999.00000,2.09670,1.10770
09AR20080322,20080412,1828,-47.99980,144.67400,1007.40000,997.00000,5.42180,5.33482,34.36450,208.46000,29.10490,23.82450,1.88492,-9999.00000,-9999.00000,-9999.00000,-9999.00000
09AR20080322,20080412,1828,-47.99980,144.67400,1199.80000,1186.00000,4.08540,3.99233,34.35470,200.76000,32.34000,37.73300,2.12430,2202.76000,2302.19000,1.70650,0.85850
09AR20080322,20080412,1828,-47.99980,144.67400,1299.90000,1285.00000,3.56370,3.46700,34.39290,189.61000,33.68000,47.91800,2.23100,-9999.00000,-9999.00000,1.23800,0.60980
09AR20080322,20080412,1828,-47.99980,144.67400,1397.90000,1382.00000,3.26690,3.16495,34.43450,181.74000,34.24000,55.48400,2.28920,-9999.00000,2316.85000,0.93920,0.46300
09AR20080322,20080412,1828,-47.99980,144.67400,1597.90000,1578.00000,2.90240,2.78770,34.50380,173.76000,34.64000,64.40800,2.31830,-9999.00000,-9999.00000,-9999.00000,-9999.00000
09AR20080322,20080412,1828,-47.99980,144.67400,1797.80000,1775.00000,2.62530,2.49701,34.59600,171.53000,34.02000,71.78000,2.27950,-9999.00000,2337.01000,0.31650,0.15660
09AR20080322,20080412,1828,-47.99980,144.67400,1997.10000,1971.00000,2.47780,2.33426,34.65900,172.39000,32.79000,77.21200,2.25040,-9999.00000,2344.76000,0.13880,0.07010
09AR20080322,20080412,1828,-47.99980,144.67400,2200.40000,2171.00000,2.34370,2.18419,34.70190,174.47000,32.10000,83.71100,2.22130,-9999.00000,2353.30000,0.07380,0.03650
09AR20080322,20080412,1828,-47.99980,144.67400,2498.40000,2463.00000,2.15800,1.97458,34.72720,174.98000,32.11000,93.99300,2.24070,-9999.00000,2364.43000,0.01840,0.00940
09AR20080322,20080412,1828,-47.99980,144.67400,2800.60000,2759.00000,1.95560,1.74774,34.73760,182.32000,31.91000,98.45500,2.22130,-9999.00000,2365.31000,0.01150,0.00440
09AR20080322,20080412,1828,-47.99980,144.67400,2811.30000,2769.00000,1.94650,1.73780,34.73870,182.88000,31.91150,98.61550,2.22097,-9999.00000,-9999.00000,-9999.00000,-9999.00000
09AR20080322,20080412,1828,-47.99980,144.67400,3200.20000,3149.00000,1.71290,1.47145,34.73820,189.62000,32.59000,104.46900,2.21160,-9999.00000,2368.18000,0.00810,0.00360
09AR20080322,20080412,1828,-47.99980,144.67400,3498.80000,3441.00000,1.53420,1.26697,34.73410,194.44000,32.59000,107.67000,2.21160,-9999.00000,2368.45000,0.01630,0.00700
09AR20080322,20080412,1828,-47.99980,144.67400,3800.70000,3735.00000,1.15440,0.86600,34.72010,201.22000,32.92000,117.07900,2.24070,-9999.00000,2373.57000,0.02530,0.01230
09AR20080322,20080412,1828,-47.99980,144.67400,4102.40000,4029.00000,1.02960,0.71281,34.71380,201.48000,33.40000,120.76500,2.26980,2269.03000,2377.26000,0.01720,0.00920
09AR20080322,20080412,1828,-47.99980,144.67400,4377.30000,4296.00000,1.04490,0.69760,34.71230,203.26000,33.33000,121.44400,2.25040,-9999.00000,2378.34000,0.01280,0.00670
09AR20080322,20080412,1828,-47.99980,144.67400,4375.70000,4295.00000,1.04490,0.69776,34.71410,203.57000,33.33190,121.44800,2.25065,-9999.00000,-9999.00000,-9999.00000,-9999.00000
09AR20080322,20080412,2241,-47.99930,144.67100,10.50000,10.00000,10.40600,10.40480,34.46890,273.71000,10.71000,1.16400,0.82450,2084.72000,2286.92000,-9999.00000,-9999.00000
09AR20080322,20080412,2241,-47.99930,144.67100,10.50000,10.00000,10.40460,10.40340,34.46920,274.42000,10.71000,1.16400,0.82450,-9999.00000,-9999.00000,-9999.00000,-9999.00000
09AR20080322,20080412,2241,-47.99930,144.67100,10.60000,11.00000,10.40550,10.40430,34.46930,274.42000,10.71220,1.16400,0.82462,-9999.00000,-9999.00000,-9999.00000,-9999.00000
09AR20080322,20080412,2241,-47.99930,144.67100,10.50000,10.00000,10.40370,10.40250,34.46990,274.42000,10.71000,1.16400,0.82450,-9999.00000,-9999.00000,-9999.00000,-9999.00000
09AR20080322,20080412,2241,-47.99930,144.67100,25.40000,25.00000,10.40530,10.40230,34.46970,273.23000,10.93000,1.16400,0.83420,2086.36000,2288.04000,3.54940,2.28470
09AR20080322,20080412,2241,-47.99930,144.67100,49.80000,49.00000,10.41120,10.40540,34.47120,273.32000,10.95000,1.16400,0.82450,2086.32000,2286.50000,3.40110,1.98710
09AR20080322,20080412,2241,-47.99930,144.67100,73.50000,73.00000,10.40360,10.39500,34.48500,273.14000,10.74000,1.16400,0.81480,-9999.00000,-9999.00000,-9999.00000,-9999.00000
09AR20080322,20080412,2241,-47.99930,144.67100,100.00000,99.00000,10.35580,10.34410,34.48910,271.05000,10.82000,1.26100,0.82450,2088.72000,2286.96000,3.36210,1.98050
09AR20080322,20080412,2241,-47.99930,144.67100,150.10000,149.00000,9.50180,9.48505,34.64430,261.67000,13.91000,3.39500,0.96030,-9999.00000,2290.75000,-9999.00000,-9999.00000
09AR20080322,20080412,2241,-47.99930,144.67100,199.20000,197.00000,9.15910,9.13733,34.59220,265.84000,14.31000,3.49200,0.98940,2109.60000,-9999.00000,3.58170,2.06690
09AR20080322,20080412,2241,-47.99930,144.67100,250.90000,249.00000,9.07420,9.04686,34.58400,267.18000,14.33000,3.58900,0.98940,-9999.00000,-9999.00000,-9999.00000,-9999.00000
09AR20080322,20080412,2241,-47.99930,144.67100,298.80000,296.00000,9.08690,9.05422,34.59600,264.88000,14.06000,3.68600,0.98940,2112.53000,2293.56000,3.57420,2.02790
09AR20080322,20080412,2241,-47.99930,144.67100,351.00000,348.00000,9.09670,9.05816,34.61070,262.66000,14.23000,3.78300,1.00880,-9999.00000,-9999.00000,-9999.00000,-9999.00000
09AR20080322,20080412,2241,-47.99930,144.67100,401.60000,398.00000,9.06100,9.01688,34.61950,256.93000,15.19000,4.26800,1.04760,2116.62000,2291.52000,3.55960,2.02410
09AR20080322,20080412,2241,-47.99930,144.67100,501.30000,496.00000,8.84780,8.79322,34.60200,254.86000,16.69000,4.85000,1.11550,2121.82000,2288.82000,-9999.00000,-9999.00000
09AR20080322,20080412,2241,-47.99930,144.67100,599.60000,594.00000,8.55740,8.49306,34.56450,249.81000,18.21000,5.72300,1.20280,-9999.00000,-9999.00000,-9999.00000,-9999.00000
09AR20080322,20080412,2241,-47.99930,144.67100,700.10000,693.00000,8.03400,7.96119,34.51030,231.32000,21.12000,8.53600,1.38710,2138.04000,2287.55000,3.16690,1.73660
09AR20080322,20080412,2241,-47.99930,144.67100,700.80000,694.00000,8.03230,7.95942,34.50990,231.91000,21.14270,8.56539,1.38850,-9999.00000,-9999.00000,-9999.00000,-9999.00000
09AR20080322,20080412,2241,-47.99930,144.67100,799.80000,792.00000,7.25800,7.17896,34.45730,213.26000,24.55000,13.19200,1.59080,2154.76000,2286.31000,2.65770,1.41410
09AR20080322,20080412,2241,-47.99930,144.67100,798.80000,791.00000,7.24890,7.17002,34.45670,213.79000,24.52020,13.14050,1.58883,-9999.00000,-9999.00000,-9999.00000,-9999.00000
09AR20080322,20080412,2241,-47.99930,144.67100,900.10000,891.00000,6.34850,6.26512,34.40920,206.24000,27.15000,18.52700,1.77510,2168.60000,2290.06000,2.25550,1.18610
09AR20080322,20080412,2241,-47.99930,144.67100,900.80000,891.00000,6.35070,6.26723,34.40830,206.11000,27.16650,18.56860,1.77631,-9999.00000,-9999.00000,-9999.00000,-9999.00000
09AR20080322,20080412,2241,-47.99930,144.67100,999.50000,989.00000,5.36570,5.27988,34.36150,206.84000,29.30000,24.44400,1.92060,-9999.00000,-9999.00000,-9999.00000,-9999.00000
09AR20080322,20080412,2241,-47.99930,144.67100,1100.40000,1088.00000,4.63190,4.54278,34.34310,205.77000,30.75000,30.45800,2.01760,2189.05000,2296.01000,-9999.00000,-9999.00000
09AR20080322,20080413,0316,-47.46830,144.90200,8.30000,8.00000,10.35550,10.35450,34.46690,273.36000,10.84000,1.16400,0.82450,2087.18000,2286.87000,3.15620,1.85600
09AR20080322,20080413,0316,-47.46830,144.90200,38.50000,38.00000,10.34820,10.34370,34.46610,272.69000,-9999.00000,-9999.00000,-9999.00000,-9999.00000,-9999.00000,-9999.00000,-9999.00000
09AR20080322,20080413,0316,-47.46830,144.90200,38.50000,38.00000,10.34850,10.34400,34.46580,272.69000,-9999.00000,-9999.00000,-9999.00000,-9999.00000,-9999.00000,-9999.00000,-9999.00000
09AR20080322,20080413,0316,-47.46830,144.90200,38.60000,38.00000,10.37500,10.37050,34.46890,273.58000,10.75000,1.16400,0.83420,2083.81000,2289.19000,3.39200,1.99230
09AR20080322,20080413,0316,-47.46830,144.90200,79.40000,79.00000,9.97410,9.96502,34.43100,273.22000,11.59000,1.16400,0.88270,2092.93000,2286.47000,3.44010,2.01860
09AR20080322,20080413,0316,-47.46830,144.90200,118.90000,118.00000,9.64110,9.62774,34.57870,261.08000,13.88000,2.91000,0.98940,2108.83000,2288.70000,3.57710,2.04370
09AR20080322,20080413,0316,-47.46830,144.90200,199.70000,198.00000,9.25070,9.22873,34.60890,265.05000,13.86000,3.29800,0.97000,2106.72000,2289.32000,3.57570,2.05400
09AR20080322,20080413,0316,-47.46830,144.90200,299.80000,297.00000,9.03030,8.99764,34.58730,264.57000,14.62000,3.88000,1.00880,2111.99000,2289.07000,3.58150,2.06030
09AR20080322,20080413,0316,-47.46830,144.90200,501.40000,497.00000,8.82660,8.77209,34.59710,256.21000,16.35000,4.65600,1.10580,2119.99000,2288.03000,3.60610,2.05400
09AR20080322,20080413,0316,-47.46830,144.90200,701.80000,695.00000,8.19650,8.12265,34.52370,238.55000,19.64000,7.27500,1.31920,2133.44000,2284.46000,3.35680,1.83890
09AR20080322,20080413,0316,-47.46830,144.90200,901.40000,892.00000,6.50910,6.42450,34.41530,205.81000,26.24000,17.55700,1.73630,2166.11000,2287.47000,2.37260,1.23810
09AR20080322,20080413,0316,-47.46830,144.90200,1100.80000,1089.00000,4.72920,4.63923,34.34130,204.07000,29.07640,30.73250,1.97365,-9999.00000,-9999.00000,-9999.00000,-9999.00000
09AR20080322,20080413,0316,-47.46830,144.90200,1300.70000,1286.00000,3.73180,3.63340,34.37410,192.88000,31.92000,43.94100,2.21160,2210.23000,2308.95000,1.41410,0.70580
09AR20080322,20080413,0316,-47.46830,144.90200,1500.90000,1483.00000,3.15120,3.04184,34.45400,177.43000,33.57000,58.87900,2.30860,2238.79000,2321.98000,0.81570,0.40290
09AR20080322,20080413,0316,-47.46830,144.90200,1700.10000,1679.00000,2.76030,2.63864,34.55020,169.80000,34.27000,70.71300,2.32800,2249.39000,2334.22000,0.40780,0.20310
09AR20080322,20080413,0316,-47.46830,144.90200,2002.00000,1976.00000,2.49330,2.34912,34.65150,172.57000,33.99000,78.47300,2.27950,2253.70000,2342.64000,0.18390,0.09410
09AR20080322,20080413,0316,-47.46830,144.90200,2298.90000,2267.00000,2.27000,2.10284,34.71540,178.65000,32.75000,85.74800,2.21160,2252.92000,2351.37000,0.08410,0.04310
09AR20080322,20080413,0316,-47.46830,144.90200,2600.90000,2563.00000,2.06560,1.87439,34.73490,181.81000,32.43000,93.99300,2.20190,2261.64000,2359.98000,0.04390,0.02070
09AR20080322,20080413,0316,-47.46830,144.90200,2899.00000,2855.00000,1.85140,1.63629,34.74140,187.01000,32.67000,99.71600,2.18250,2260.37000,2363.18000,0.02120,0.01140
09AR20080322,20080413,0316,-47.46830,144.90200,3199.20000,3149.00000,1.60160,1.36285,34.73680,191.41000,33.00000,107.08800,2.21160,2265.21000,2368.78000,-9999.00000,-9999.00000
09AR20080322,20080413,0316,-47.46830,144.90200,3500.40000,3443.00000,1.37180,1.10853,34.72920,196.61000,32.21000,112.03500,2.21160,2264.80000,2368.40000,0.02330,0.01230
09AR20080322,20080413,0316,-47.46830,144.90200,3800.00000,3735.00000,1.18770,0.89846,34.72150,199.48000,32.19000,116.20600,2.24070,2266.33000,2372.29000,0.02710,0.01540
09AR20080322,20080413,0316,-47.46830,144.90200,4198.80000,4123.00000,1.04090,0.71335,34.71360,203.83000,32.19000,119.79500,2.25040,2273.06000,2376.88000,0.01150,0.00860
09AR20080322,20080413,0316,-47.46830,144.90200,4451.00000,4368.00000,1.02780,0.67280,34.71210,205.93000,32.26000,121.05600,2.26010,2270.21000,2378.70000,0.01280,0.00730
09AR20080322,20080413,0940,-47.14780,144.90600,8.20000,8.00000,10.40880,10.40780,34.46990,272.71000,10.77000,1.26100,0.82450,2084.59000,2286.84000,3.36860,1.99890
09AR20080322,20080413,0940,-47.14780,144.90600,39.40000,39.00000,10.41630,10.41170,34.47100,273.40000,-9999.00000,-9999.00000,-9999.00000,-9999.00000,-9999.00000,-9999.00000,-9999.00000
09AR20080322,20080413,0940,-47.14780,144.90600,39.30000,39.00000,10.41570,10.41110,34.47100,273.40000,-9999.00000,-9999.00000,-9999.00000,-9999.00000,-9999.00000,-9999.00000,-9999.00000
09AR20080322,20080413,0940,-47.14780,144.90600,39.40000,39.00000,10.41590,10.41130,34.47030,272.75000,10.42000,1.26100,0.81480,-9999.00000,-9999.00000,-9999.00000,-9999.00000
09AR20080322,20080413,0940,-47.14780,144.90600,79.90000,79.00000,10.26150,10.25220,34.45480,271.66000,10.81000,1.26100,0.84390,2090.29000,2287.42000,3.36530,1.98700
09AR20080322,20080413,0940,-47.14780,144.90600,150.20000,149.00000,9.39710,9.38046,34.61800,261.49000,13.72000,3.39500,0.97000,2106.46000,2289.68000,3.53320,2.03570
09AR20080322,20080413,0940,-47.14780,144.90600,301.90000,299.00000,9.03500,9.00209,34.58750,264.66000,14.65000,4.07400,0.99910,2109.35000,2287.72000,3.59150,2.06100
09AR20080322,20080413,0940,-47.14780,144.90600,500.60000,496.00000,8.79630,8.74199,34.59400,254.38000,16.86000,4.94700,1.10580,2119.42000,2288.09000,3.61810,2.03320
09AR20080322,20080413,0940,-47.14780,144.90600,702.10000,695.00000,7.85830,7.78620,34.49420,225.97000,21.76000,9.70000,1.39680,2141.36000,2285.34000,3.11210,1.67540
09AR20080322,20080413,0940,-47.14780,144.90600,898.60000,889.00000,6.01400,5.93306,34.38370,207.15000,27.78000,19.88500,1.78480,2169.06000,2286.92000,2.39890,1.23700
09AR20080322,20080413,0940,-47.14780,144.90600,1099.70000,1088.00000,4.37690,4.29000,34.33410,205.73000,30.80000,32.10700,2.01760,2191.03000,2295.09000,2.02070,1.02300
09AR20080322,20080413,0940,-47.14780,144.90600,1299.40000,1285.00000,3.66940,3.57165,34.41000,184.53000,32.90000,49.76100,2.19220,-9999.00000,-9999.00000,-9999.00000,-9999.00000
09AR20080322,20080413,0940,-47.14780,144.90600,1500.60000,1483.00000,2.94060,2.83365,34.46810,177.95000,34.56000,59.55800,2.27950,2234.89000,2321.27000,0.83800,0.40790
09AR20080322,20080413,0940,-47.14780,144.90600,1700.10000,1679.00000,2.67960,2.55892,34.57340,170.28000,34.16440,70.32500,2.26010,2246.85000,2334.06000,0.36870,0.18410
09AR20080322,20080413,0940,-47.14780,144.90600,1899.00000,1875.00000,2.53250,2.39673,34.63310,170.27000,33.77000,76.92100,2.24070,2249.26000,2340.17000,0.19600,0.10050
09AR20080322,20080413,0940,-47.14780,144.90600,2200.50000,2171.00000,2.33950,2.18005,34.70280,174.74000,32.51000,83.22600,2.18250,-9999.00000,2349.66000,0.07170,0.03620
09AR20080322,20080413,0940,-47.14780,144.90600,2500.70000,2465.00000,2.14940,1.96591,34.73210,179.63000,31.76000,90.11300,2.15340,-9999.00000,-9999.00000,-9999.00000,-9999.00000
09AR20080322,20080413,0940,-47.14780,144.90600,2800.30000,2759.00000,1.92890,1.72161,34.74000,185.85000,31.32000,94.96300,2.14370,2256.31000,2361.78000,0.02460,0.01120
09AR20080322,20080413,0940,-47.14780,144.90600,3102.90000,3055.00000,1.69400,1.46258,34.73920,190.88000,31.17000,100.68600,2.14370,2260.02000,2364.07000,0.02810,0.01430
09AR20080322,20080413,0940,-47.14780,144.90600,3403.90000,3349.00000,1.46710,1.21118,34.73290,194.97000,31.11000,106.31200,2.16310,2257.02000,2367.38000,0.01940,0.00870
09AR20080322,20080413,0940,-47.14780,144.90600,3697.70000,3635.00000,1.26840,0.98762,34.72310,197.79000,31.64000,112.90800,2.18250,2266.93000,2371.36000,0.01660,0.00900
09AR20080322,20080413,0940,-47.14780,144.90600,4100.70000,4028.00000,1.06450,0.74688,34.71460,200.52000,33.25000,119.89200,2.22130,2267.11000,2373.86000,0.01000,0.00530
09AR20080322,20080413,0940,-47.14780,144.90600,4497.70000,4414.00000,1.03920,0.67859,34.71210,201.22000,33.16000,121.83200,2.24070,2266.53000,2376.19000,0.01050,0.01560
09AR20080322,20080413,0940,-47.14780,144.90600,4890.80000,4795.00000,1.06690,0.66005,34.71090,201.35000,33.25000,121.83200,2.24070,2266.58000,2377.35000,0.01230,0.00690
09AR20080322,20080413,1613,-46.64870,145.25200,9.70000,10.00000,11.33510,11.33390,34.60340,265.55000,8.53000,1.35800,0.70810,-9999.00000,-9999.00000,-9999.00000,-9999.00000
09AR20080322,20080413,1613,-46.64870,145.25200,24.30000,24.00000,11.33470,11.33170,34.60410,263.61000,8.44962,1.35800,0.70810,-9999.00000,-9999.00000,-9999.00000,-9999.00000
09AR20080322,20080413,1613,-46.64870,145.25200,24.30000,24.00000,11.33570,11.33270,34.60430,263.61000,8.44962,1.35800,0.70810,-9999.00000,-9999.00000,-9999.00000,-9999.00000
09AR20080322,20080413,1613,-46.64870,145.25200,24.20000,24.00000,11.33750,11.33450,34.60300,268.90000,8.45000,1.35800,0.70810,-9999.00000,-9999.00000,-9999.00000,-9999.00000
09AR20080322,20080413,1613,-46.64870,145.25200,49.20000,49.00000,11.28310,11.27700,34.59790,265.50000,8.55000,1.35800,0.70810,-9999.00000,-9999.00000,-9999.00000,-9999.00000
09AR20080322,20080413,1613,-46.64870,145.25200,73.80000,73.00000,10.84360,10.83470,34.51680,268.10000,9.69000,1.35800,0.79540,-9999.00000,-9999.00000,-9999.00000,-9999.00000
09AR20080322,20080413,1613,-46.64870,145.25200,150.10000,149.00000,11.06840,11.04990,34.84850,241.12000,12.35000,3.20100,0.88270,-9999.00000,-9999.00000,-9999.00000,-9999.00000
09AR20080322,20080413,1613,-46.64870,145.25200,500.20000,495.00000,8.63770,8.58404,34.57300,246.51000,17.71000,5.82000,1.17370,-9999.00000,-9999.00000,-9999.00000,-9999.00000
09AR20080322,20080413,1613,-46.64870,145.25200,1000.50000,990.00000,4.45470,4.37580,34.32030,234.17000,30.72000,30.26400,1.99820,2189.31000,2295.18000,-9999.00000,-9999.00000
09AR20080322,20080413,1613,-46.64870,145.25200,1008.00000,997.00000,4.38860,4.30956,34.32240,-9999.00000,-9999.00000,-9999.00000,-9999.00000,-9999.00000,-9999.00000,-9999.00000,-9999.00000
09AR20080322,20080413,1613,-46.64870,145.25200,1507.10000,1489.00000,2.78410,2.67834,34.50180,-9999.00000,-9999.00000,-9999.00000,-9999.00000,-9999.00000,-9999.00000,-9999.00000,-9999.00000
09AR20080322,20080413,1613,-46.64870,145.25200,1800.20000,1778.00000,2.53820,2.41080,34.62820,171.83000,33.70000,76.33900,2.25040,2249.81000,2337.88000,0.23610,0.11790
09AR20080322,20080413,1613,-46.64870,145.25200,1999.30000,1973.00000,2.40570,2.26300,34.67450,174.48000,32.36000,79.83100,2.21160,2253.05000,2349.07000,0.13160,0.06570
09AR20080322,20080413,1613,-46.64870,145.25200,2008.10000,1982.00000,2.39740,2.25405,34.67720,175.12000,32.32020,79.98790,2.20956,-9999.00000,-9999.00000,-9999.00000,-9999.00000
09AR20080322,20080413,1613,-46.64870,145.25200,2199.20000,2170.00000,2.27770,2.11936,34.70930,178.25000,31.54000,83.42000,2.16310,2252.24000,2350.69000,0.08720,0.04380
09AR20080322,20080413,1613,-46.64870,145.25200,2400.70000,2367.00000,2.10990,1.93628,34.73110,181.81000,31.09000,89.53100,2.16310,2257.53000,2359.24000,0.04320,0.02080
09AR20080322,20080413,1613,-46.64870,145.25200,2400.30000,2367.00000,2.11030,1.93671,34.73140,181.32000,31.09070,89.52080,2.16312,-9999.00000,-9999.00000,-9999.00000,-9999.00000
09AR20080322,20080413,1613,-46.64870,145.25200,2598.90000,2562.00000,1.94990,1.76109,34.73800,183.63000,30.80000,94.38100,2.14370,2259.30000,2363.00000,0.02790,0.01360
09AR20080322,20080413,1613,-46.64870,145.25200,2799.00000,2758.00000,1.80780,1.60314,34.73800,185.37000,30.87000,99.71600,2.17280,2264.09000,-9999.00000,0.01500,0.00610
09AR20080322,20080413,1613,-46.64870,145.25200,2999.60000,2954.00000,1.63950,1.41934,34.73510,189.14000,31.88970,105.43900,2.18250,2263.08000,2368.69000,0.00000,0.00000
09AR20080322,20080413,1613,-46.64870,145.25200,2999.40000,2954.00000,1.63980,1.41964,34.73600,188.94000,31.88830,105.43300,2.18248,-9999.00000,-9999.00000,-9999.00000,-9999.00000
09AR20080322,20080413,1613,-46.64870,145.25200,3200.40000,3150.00000,1.48530,1.24916,34.73170,191.57000,33.02000,110.38600,2.25040,2264.41000,2370.09000,0.00470,0.00060
09AR20080322,20080413,1613,-46.64870,145.25200,3381.90000,3327.00000,1.41930,1.16678,34.72960,193.10000,32.82000,112.52000,2.20190,2265.48000,2373.12000,0.00240,0.00150
09AR20080322,20080413,1613,-46.64870,145.25200,3382.00000,3327.00000,1.41880,1.16628,34.73020,193.21000,-9999.00000,-9999.00000,-9999.00000,-9999.00000,-9999.00000,-9999.00000,-9999.00000
09AR20080322,20080413,1959,-46.65020,145.24900,7.80000,8.00000,11.24280,11.24180,34.59000,265.72000,9.46000,1.35800,0.72750,2079.59000,2292.78000,3.24190,1.90130
09AR20080322,20080413,1959,-46.65020,145.24900,24.90000,25.00000,11.21940,11.21630,34.58360,266.44000,9.44313,1.35800,0.72765,-9999.00000,-9999.00000,-9999.00000,-9999.00000
09AR20080322,20080413,1959,-46.65020,145.24900,25.10000,25.00000,11.22000,11.21690,34.58350,266.23000,9.44630,1.35800,0.72780,-9999.00000,-9999.00000,-9999.00000,-9999.00000
09AR20080322,20080413,1959,-46.65020,145.24900,24.70000,24.00000,11.23600,11.23300,34.58610,265.98000,9.44000,1.35800,0.72750,2079.04000,2293.04000,3.20740,1.89190
09AR20080322,20080413,1959,-46.65020,145.24900,49.40000,49.00000,11.06440,11.05840,34.54250,266.59000,10.07000,1.35800,0.76630,2079.13000,2290.86000,3.27500,1.92260
09AR20080322,20080413,1959,-46.65020,145.24900,75.50000,75.00000,10.53110,10.52220,34.46160,269.49000,11.15000,1.26100,0.85360,2080.94000,2286.38000,3.39990,1.96740
09AR20080322,20080413,1959,-46.65020,145.24900,97.20000,96.00000,10.44450,10.43300,34.44850,271.19000,11.30000,1.26100,0.86330,2088.45000,2287.05000,3.38840,1.97560
09AR20080322,20080413,1959,-46.65020,145.24900,148.90000,148.00000,10.74740,10.72940,34.60160,257.51000,11.72000,1.84300,0.87300,-9999.00000,-9999.00000,-9999.00000,-9999.00000
09AR20080322,20080413,1959,-46.65020,145.24900,197.20000,195.00000,10.42490,10.40150,34.82020,245.67000,13.22000,3.49200,0.92150,-9999.00000,2299.06000,3.23330,1.88970
09AR20080322,20080413,1959,-46.65020,145.24900,249.50000,247.00000,9.47580,9.44785,34.66110,256.35000,14.53000,3.68600,0.99910,-9999.00000,-9999.00000,-9999.00000,-9999.00000
09AR20080322,20080413,1959,-46.65020,145.24900,299.00000,296.00000,9.16760,9.13471,34.61800,254.79000,15.86000,4.26800,1.06700,2113.37000,2288.34000,3.49070,1.99900
09AR20080322,20080413,1959,-46.65020,145.24900,399.60000,396.00000,8.70880,8.66598,34.56080,253.91000,17.43000,5.14100,1.14460,2117.09000,2291.32000,3.57510,2.00610
09AR20080322,20080413,1959,-46.65020,145.24900,499.00000,494.00000,8.47320,8.42029,34.55210,244.34000,19.06000,6.20800,1.25130,2124.56000,2285.27000,3.37370,1.89400
09AR20080322,20080413,1959,-46.65020,145.24900,602.40000,597.00000,7.86180,7.80031,34.49090,226.50000,22.19000,9.50600,1.42590,2140.90000,2287.00000,3.10340,1.66990
09AR20080322,20080413,1959,-46.65020,145.24900,702.20000,695.00000,7.06160,6.99370,34.44810,209.52000,25.24000,14.25900,1.63930,2159.43000,2285.90000,2.50560,1.33370
09AR20080322,20080413,1959,-46.65020,145.24900,799.30000,791.00000,6.22270,6.14997,34.40060,205.32000,27.30000,19.01200,1.79450,2168.11000,2287.23000,2.31280,1.19140
09AR20080322,20080413,1959,-46.65020,145.24900,900.60000,891.00000,5.31530,5.23897,34.35150,208.22000,28.94000,24.05600,1.91090,-9999.00000,-9999.00000,-9999.00000,-9999.00000
09AR20080322,20080413,1959,-46.65020,145.24900,998.60000,988.00000,4.47510,4.39620,34.32520,209.38000,30.22000,30.16700,2.04670,-9999.00000,-9999.00000,2.18380,1.11890
09AR20080322,20080413,1959,-46.65020,145.24900,1099.80000,1088.00000,4.10190,4.01723,34.37720,194.15000,31.42000,40.64300,2.14370,2201.94000,2305.10000,1.38620,0.69910
09AR20080322,20080413,1959,-46.65020,145.24900,1199.50000,1186.00000,3.64200,3.55297,34.38590,190.62000,31.98000,45.97800,2.21160,-9999.00000,-9999.00000,-9999.00000,-9999.00000
09AR20080322,20080413,1959,-46.65020,145.24900,1349.80000,1334.00000,3.20850,3.11114,34.44240,179.69000,32.74000,55.96900,2.28920,2229.09000,2318.70000,0.86120,0.42650
09AR20080322,20080413,1959,-46.65020,145.24900,1501.50000,1484.00000,2.79640,2.69097,34.49460,176.77000,33.15000,62.08000,2.31830,2240.54000,2323.43000,0.75820,0.37790
09AR20080322,20080413,1959,-46.65020,145.24900,1648.70000,1629.00000,2.69670,2.58014,34.56100,172.07000,33.78000,69.16100,2.31830,-9999.00000,-9999.00000,-9999.00000,-9999.00000
09AR20080322,20080413,1959,-46.65020,145.24900,1800.80000,1778.00000,2.54130,2.41381,34.62700,171.01000,33.52000,76.43600,2.28920,-9999.00000,-9999.00000,-9999.00000,-9999.00000
09AR20080322,20080414,0122,-46.17020,145.47200,9.10000,9.00000,13.50360,13.50230,35.09040,252.85000,-9999.00000,-9999.00000,-9999.00000,2068.30000,2315.99000,2.85600,1.70660
09AR20080322,20080414,0122,-46.17020,145.47200,49.60000,49.00000,13.53150,13.52450,35.10310,250.56000,-9999.00000,-9999.00000,-9999.00000,-9999.00000,-9999.00000,-9999.00000,-9999.00000
09AR20080322,20080414,0122,-46.17020,145.47200,49.50000,49.00000,13.53110,13.52410,35.10270,250.56000,-9999.00000,-9999.00000,-9999.00000,-9999.00000,-9999.00000,-9999.00000,-9999.00000
09AR20080322,20080414,0122,-46.17020,145.47200,49.40000,49.00000,13.53220,13.52530,35.10340,251.46000,3.83000,1.06700,0.39770,2069.65000,2315.52000,2.83940,1.72370
09AR20080322,20080414,0122,-46.17020,145.47200,90.70000,90.00000,13.52560,13.51280,35.10350,250.49000,3.94000,1.16400,0.40740,2069.29000,2314.98000,2.86070,1.70010
09AR20080322,20080414,0122,-46.17020,145.47200,129.60000,128.00000,12.00280,11.98590,35.03310,230.51000,11.96000,3.10400,0.80510,2108.18000,2306.63000,2.99790,1.75720
09AR20080322,20080414,0122,-46.17020,145.47200,200.30000,199.00000,10.96480,10.94020,34.92950,240.19000,12.85000,3.39500,0.87300,2107.28000,2301.52000,3.10250,1.82240
09AR20080322,20080414,0122,-46.17020,145.47200,300.80000,298.00000,9.70990,9.67557,34.70870,251.66000,14.79000,3.78300,0.98940,2113.93000,2295.35000,3.33840,1.93870
09AR20080322,20080414,0122,-46.17020,145.47200,400.20000,397.00000,9.38950,9.34454,34.68040,245.65000,16.22000,4.65600,1.07670,2124.51000,2291.24000,3.36310,1.91270
09AR20080322,20080414,0122,-46.17020,145.47200,501.20000,496.00000,8.86880,8.81415,34.61560,242.25000,17.95000,5.62600,1.18340,2128.13000,2289.36000,3.35170,1.89420
09AR20080322,20080414,0122,-46.17020,145.47200,598.70000,593.00000,8.46340,8.39957,34.57080,233.93000,19.62000,7.08100,1.29980,2139.80000,2288.30000,3.05030,1.76170
09AR20080322,20080414,0122,-46.17020,145.47200,701.70000,695.00000,7.69310,7.62188,34.51210,210.96000,23.18000,11.73700,1.51320,2149.84000,2288.34000,2.44180,1.31900
09AR20080322,20080414,0122,-46.17020,145.47200,800.20000,792.00000,6.63460,6.55924,34.45480,196.33000,26.53000,19.20600,1.76540,2167.09000,2291.97000,1.65280,0.85320
09AR20080322,20080414,0122,-46.17020,145.47200,899.70000,890.00000,5.73120,5.65203,34.41120,195.53000,28.85000,25.70500,1.90120,2187.11000,2295.01000,1.49430,0.78210
09AR20080322,20080414,0122,-46.17020,145.47200,999.00000,988.00000,5.18530,5.10084,34.39550,194.56000,30.76000,30.74900,1.99820,2194.47000,2298.62000,1.39660,0.72120
09AR20080322,20080414,0122,-46.17020,145.47200,1200.20000,1187.00000,3.97050,3.87832,34.41820,182.79000,33.54000,48.50000,2.21160,2214.31000,2314.88000,0.93460,0.46930
09AR20080322,20080414,0122,-46.17020,145.47200,1401.90000,1386.00000,3.29190,3.18923,34.48660,170.39000,34.68000,63.72900,2.32800,2238.97000,2330.23000,0.53920,0.26960
09AR20080322,20080414,0122,-46.17020,145.47200,1600.10000,1581.00000,2.85980,2.74526,34.56590,163.15000,34.88000,75.95100,2.35710,2263.88000,2344.67000,0.25540,0.12320
09AR20080322,20080414,0122,-46.17020,145.47200,1800.70000,1778.00000,2.55950,2.43176,34.62870,167.10000,34.06000,80.12200,2.31830,2257.03000,2347.70000,0.15500,0.07570
09AR20080322,20080414,0122,-46.17020,145.47200,2000.70000,1975.00000,2.39930,2.25659,34.66940,171.78000,33.17000,81.67400,2.26010,2253.65000,2349.90000,0.11420,0.05890
09AR20080322,20080414,0122,-46.17020,145.47200,2249.90000,2219.00000,2.21030,2.04857,34.71050,176.85000,32.20000,86.42700,2.21160,2254.15000,2354.93000,0.07030,0.03540
09AR20080322,20080414,0122,-46.17020,145.47200,2502.50000,2467.00000,1.99570,1.81491,34.73070,181.20000,31.68000,92.92600,2.20190,2260.45000,2361.32000,0.03570,0.01530
09AR20080322,20080414,0122,-46.17020,145.47200,2704.10000,2665.00000,1.82000,1.62400,34.73450,184.33000,31.74000,97.67900,2.20190,2270.77000,2367.96000,0.01720,0.00730
09AR20080322,20080414,0122,-46.17020,145.47200,2748.90000,2709.00000,1.76290,1.56387,34.73550,186.18000,31.86000,99.71600,2.20190,2269.92000,2367.72000,0.01730,0.00420
09AR20080322,20080414,0655,-45.69980,145.65800,13.40000,13.00000,13.19810,13.19630,34.95670,254.30000,4.33000,1.06700,0.44620,2071.05000,2309.72000,2.87500,1.74300
09AR20080322,20080414,0655,-45.69980,145.65800,13.40000,13.00000,13.19830,13.19650,34.95700,254.81000,-9999.00000,-9999.00000,-9999.00000,-9999.00000,-9999.00000,-9999.00000,-9999.00000
09AR20080322,20080414,0655,-45.69980,145.65800,13.30000,13.00000,13.19940,13.19760,34.95690,254.81000,-9999.00000,-9999.00000,-9999.00000,-9999.00000,-9999.00000,-9999.00000,-9999.00000
09AR20080322,20080414,0655,-45.69980,145.65800,16.00000,16.00000,13.20370,13.20150,34.95670,254.78000,-9999.00000,-9999.00000,-9999.00000,-9999.00000,-9999.00000,-9999.00000,-9999.00000
09AR20080322,20080414,0655,-45.69980,145.65800,50.00000,50.00000,13.21280,13.20590,34.95750,254.17000,4.42000,1.06700,0.45590,2070.94000,2310.01000,2.86360,1.73580
09AR20080322,20080414,0655,-45.69980,145.65800,54.70000,54.00000,13.21130,13.20370,34.95690,254.16000,-9999.00000,-9999.00000,-9999.00000,-9999.00000,-9999.00000,-9999.00000,-9999.00000
09AR20080322,20080414,0655,-45.69980,145.65800,100.30000,99.00000,13.07150,13.05770,34.98500,244.84000,5.98000,1.45500,0.55290,2079.02000,2310.56000,-9999.00000,-9999.00000
09AR20080322,20080414,0655,-45.69980,145.65800,151.40000,150.00000,11.48640,11.46720,34.96240,238.29000,11.00000,2.81300,0.80510,2108.80000,2303.59000,3.13500,1.82790
09AR20080322,20080414,0655,-45.69980,145.65800,155.80000,154.00000,11.24200,11.22260,34.95520,240.96000,-9999.00000,-9999.00000,-9999.00000,-9999.00000,-9999.00000,-9999.00000,-9999.00000
09AR20080322,20080414,0655,-45.69980,145.65800,252.20000,250.00000,9.94080,9.91165,34.74060,251.27000,13.81000,3.58900,0.96030,2112.89000,2294.61000,3.34550,1.95250
09AR20080322,20080414,0655,-45.69980,145.65800,351.90000,349.00000,9.26700,9.22791,34.63480,255.75000,15.14000,4.07400,1.01850,2114.47000,2289.34000,-9999.00000,-9999.00000
09AR20080322,20080414,0655,-45.69980,145.65800,500.40000,496.00000,8.96070,8.90578,34.63170,239.60000,17.55000,5.72300,1.17370,2127.71000,2289.03000,3.33730,1.88920
09AR20080322,20080414,0655,-45.69980,145.65800,503.00000,498.00000,8.93200,8.87690,34.62910,241.76000,-9999.00000,-9999.00000,-9999.00000,-9999.00000,-9999.00000,-9999.00000,-9999.00000
09AR20080322,20080414,0655,-45.69980,145.65800,748.40000,741.00000,7.43500,7.36027,34.49360,205.22000,23.83000,13.87100,1.57140,2155.50000,2286.62000,2.19050,1.17700
09AR20080322,20080414,0655,-45.69980,145.65800,755.20000,748.00000,7.32980,7.25496,34.48520,202.85000,24.00430,14.25240,1.58343,-9999.00000,-9999.00000,-9999.00000,-9999.00000
09AR20080322,20080414,0655,-45.69980,145.65800,899.30000,890.00000,5.82740,5.74762,34.40750,197.40000,27.73000,24.54100,1.85270,2179.44000,2293.07000,1.64410,0.84880
09AR20080322,20080414,0655,-45.69980,145.65800,999.10000,989.00000,5.15700,5.07273,34.40590,191.21000,29.23000,33.07700,1.99820,2191.07000,2300.56000,1.20870,0.61970
09AR20080322,20080414,0655,-45.69980,145.65800,1009.50000,999.00000,5.01280,4.92868,34.40580,191.28000,29.34750,33.97400,2.00811,-9999.00000,-9999.00000,-9999.00000,-9999.00000
09AR20080322,20080414,0655,-45.69980,145.65800,1100.30000,1088.00000,4.59090,4.50199,34.42120,184.02000,30.31000,41.80700,2.08550,2205.62000,2310.17000,0.88100,0.45350
09AR20080322,20080414,0655,-45.69980,145.65800,1351.00000,1336.00000,3.37120,3.27195,34.48730,169.95000,32.48000,62.95300,2.27950,2239.28000,2329.69000,0.52310,0.25850
09AR20080322,20080414,0655,-45.69980,145.65800,1501.30000,1484.00000,3.07430,2.96554,34.55390,160.60000,32.88000,75.36900,2.32800,2254.49000,2346.77000,0.20010,0.09980
09AR20080322,20080414,0655,-45.69980,145.65800,1650.70000,1631.00000,2.67780,2.56120,34.60110,165.49000,32.87180,77.30900,2.32800,2256.50000,2345.43000,0.19950,0.09970
09AR20080322,20080414,0655,-45.69980,145.65800,1799.00000,1777.00000,2.56460,2.43694,34.62660,167.97000,32.74490,78.86100,2.26980,2255.77000,2346.55000,0.17290,0.08510
09AR20080322,20080414,0655,-45.69980,145.65800,2052.10000,2025.00000,2.36990,2.22314,34.67790,172.35000,32.18000,83.42000,2.19220,2255.63000,2350.43000,0.09640,0.04750
09AR20080322,20080414,1311,-45.22280,145.85100,9.20000,9.00000,13.09840,13.09710,34.89810,257.22000,4.60000,1.26100,0.44620,2067.84000,2308.87000,2.93350,1.73410
09AR20080322,20080414,1311,-45.22280,145.85100,39.40000,39.00000,13.10550,13.10010,34.89790,254.42000,-9999.00000,-9999.00000,-9999.00000,-9999.00000,-9999.00000,-9999.00000,-9999.00000
09AR20080322,20080414,1311,-45.22280,145.85100,39.40000,39.00000,13.10450,13.09910,34.89760,254.42000,-9999.00000,-9999.00000,-9999.00000,-9999.00000,-9999.00000,-9999.00000,-9999.00000
09AR20080322,20080414,1311,-45.22280,145.85100,39.30000,39.00000,13.10300,13.09760,34.89810,257.39000,4.47000,1.26100,0.43650,2065.77000,2308.58000,2.87840,1.73420
09AR20080322,20080414,1311,-45.22280,145.85100,78.50000,78.00000,12.85350,12.84280,34.85540,253.86000,5.46000,1.26100,0.51410,2072.18000,2307.35000,2.87770,1.74050
09AR20080322,20080414,1311,-45.22280,145.85100,99.50000,99.00000,12.87810,12.86450,34.99670,241.70000,6.83000,1.74600,0.58200,2083.85000,2309.42000,2.86050,1.70740
09AR20080322,20080414,1311,-45.22280,145.85100,148.20000,147.00000,12.15190,12.13240,35.09190,229.94000,10.69000,3.10400,0.75660,2108.50000,2308.25000,2.95410,1.72820
09AR20080322,20080414,1311,-45.22280,145.85100,198.90000,197.00000,11.05510,11.03050,34.94920,240.01000,12.15000,3.49200,0.83420,2111.26000,2304.10000,-9999.00000,-9999.00000
09AR20080322,20080414,1311,-45.22280,145.85100,300.10000,297.00000,9.77560,9.74120,34.72600,248.40000,14.55000,3.97700,0.97970,2115.32000,2293.53000,3.28460,1.90610
09AR20080322,20080414,1311,-45.22280,145.85100,398.80000,395.00000,9.52160,9.47640,34.71210,238.48000,16.09000,5.04400,1.06700,2122.71000,2291.76000,3.18110,1.85340
09AR20080322,20080414,1311,-45.22280,145.85100,499.60000,495.00000,8.86830,8.81383,34.61050,244.34000,17.20000,5.62600,1.15430,2124.68000,2288.82000,3.05470,1.81040
09AR20080322,20080414,1311,-45.22280,145.85100,601.00000,595.00000,8.56590,8.50135,34.58590,235.55000,18.69000,6.88700,1.25130,2131.50000,2289.19000,3.15260,1.77000
09AR20080322,20080414,1311,-45.22280,145.85100,698.70000,692.00000,8.07910,8.00618,34.53920,219.36000,21.17000,9.89400,1.39680,2145.44000,2287.14000,2.66990,1.49410
09AR20080322,20080414,1311,-45.22280,145.85100,798.30000,790.00000,7.29170,7.21258,34.48580,203.38000,24.05000,14.74400,1.58110,2154.62000,2288.70000,2.06360,1.09150
09AR20080322,20080414,1311,-45.22280,145.85100,998.00000,988.00000,5.61490,5.52727,34.41060,195.61000,28.44000,27.35400,1.88180,2182.54000,2295.51000,1.49170,0.76850
09AR20080322,20080414,1311,-45.22280,145.85100,1199.30000,1186.00000,4.16820,4.07428,34.42260,184.19000,32.06000,47.23900,2.14370,2218.79000,2313.98000,0.96380,0.48360
09AR20080322,20080414,1311,-45.22280,145.85100,1400.10000,1384.00000,3.35850,3.25523,34.50070,168.77000,33.88000,66.25100,2.28920,2242.11000,2333.28000,0.44010,0.22410
09AR20080322,20080414,1311,-45.22280,145.85100,1598.30000,1579.00000,2.72140,2.60863,34.59590,163.71000,34.03000,80.31600,2.32800,2257.46000,2347.25000,0.16830,0.07910
09AR20080322,20080414,1311,-45.22280,145.85100,1801.10000,1779.00000,2.49740,2.37044,34.64210,168.27000,33.27000,81.86800,2.27950,2257.32000,2348.37000,0.12900,0.06260
09AR20080322,20080414,1311,-45.22280,145.85100,2000.80000,1975.00000,2.35590,2.21379,34.68500,171.26000,32.51000,84.87500,2.25040,2259.34000,2352.55000,0.06230,0.02890
09AR20080322,20080414,1311,-45.22280,145.85100,2199.50000,2170.00000,2.22880,2.07124,34.70990,173.95000,32.06000,89.33700,2.22130,2258.30000,2357.20000,0.04760,0.02240
09AR20080322,20080414,1311,-45.22280,145.85100,2499.90000,2465.00000,2.07320,1.89121,34.72960,176.07000,31.68000,95.83600,2.23100,2263.63000,2364.96000,0.01670,0.00080
09AR20080322,20080414,1311,-45.22280,145.85100,2831.30000,2789.00000,1.77560,1.56856,34.73630,183.76000,31.23000,103.30500,2.21160,2266.77000,2371.14000,0.00620,-9999.00000
09AR20080322,20080414,1311,-45.22280,145.85100,2873.30000,2831.00000,1.70410,1.49459,34.73600,185.06000,31.16000,104.95400,2.18250,2272.37000,2371.37000,-9999.00000,-9999.00000
09AR20080322,20080414,1835,-44.72020,146.05100,10.60000,11.00000,13.54230,13.54080,35.12070,251.15000,3.36000,1.06700,0.38800,2072.34000,2316.25000,2.84750,1.69120
09AR20080322,20080414,1835,-44.72020,146.05100,29.90000,30.00000,13.65700,13.65280,35.15880,252.63000,3.32000,1.26100,0.36860,-9999.00000,-9999.00000,-9999.00000,-9999.00000
09AR20080322,20080414,1835,-44.72020,146.05100,29.90000,30.00000,13.65850,13.65430,35.15960,252.63000,3.32000,1.26100,0.36860,-9999.00000,-9999.00000,-9999.00000,-9999.00000
09AR20080322,20080414,1835,-44.72020,146.05100,29.90000,30.00000,13.64830,13.64410,35.15490,251.58000,3.32000,1.26100,0.36860,2072.59000,2318.77000,2.77400,1.67820
09AR20080322,20080414,1835,-44.72020,146.05100,59.00000,59.00000,13.77900,13.77060,35.20540,249.58000,3.26000,1.26100,0.36860,2075.73000,2320.35000,2.78710,1.67200
09AR20080322,20080414,1835,-44.72020,146.05100,78.70000,78.00000,13.89850,13.88720,35.25910,245.88000,3.42000,1.35800,0.36860,2078.77000,2321.46000,2.77460,1.66170
09AR20080322,20080414,1835,-44.72020,146.05100,86.80000,86.00000,13.88530,13.87280,35.28930,248.79000,-9999.00000,-9999.00000,-9999.00000,-9999.00000,-9999.00000,-9999.00000,-9999.00000
09AR20080322,20080414,1835,-44.72020,146.05100,119.70000,119.00000,13.38050,13.36370,35.24500,229.28000,7.28000,2.32800,0.56260,2098.26000,2317.52000,-9999.00000,-9999.00000
09AR20080322,20080414,1835,-44.72020,146.05100,199.90000,198.00000,11.62230,11.59670,35.06260,236.67000,10.87000,3.29800,0.77600,2112.54000,2308.39000,3.05510,1.75630
09AR20080322,20080414,1835,-44.72020,146.05100,299.20000,297.00000,10.44660,10.41080,34.85010,245.19000,12.81000,3.58900,0.89240,2115.28000,2298.42000,3.08910,1.84090
09AR20080322,20080414,1835,-44.72020,146.05100,399.30000,396.00000,9.41480,9.36987,34.67220,251.35000,14.62000,4.26800,1.00880,2118.08000,2290.72000,-9999.00000,-9999.00000
09AR20080322,20080414,1835,-44.72020,146.05100,499.10000,494.00000,9.07020,9.01502,34.65110,240.43000,16.65000,5.52900,1.12520,2129.01000,2290.32000,3.28570,1.86830
09AR20080322,20080414,1835,-44.72020,146.05100,697.90000,691.00000,8.12410,8.05103,34.54860,216.92000,21.80000,9.99100,1.38710,2146.34000,2289.70000,-9999.00000,-9999.00000
09AR20080322,20080414,1835,-44.72020,146.05100,899.30000,890.00000,6.37230,6.28881,34.42490,201.67000,27.29000,19.78800,1.74600,-9999.00000,2290.74000,1.94040,1.00670
09AR20080322,20080414,1835,-44.72020,146.05100,1199.50000,1186.00000,4.10850,4.01515,34.40350,186.80000,31.87000,45.20200,2.10490,2214.91000,2311.05000,1.05890,0.52640
09AR20080322,20080414,1835,-44.72020,146.05100,1499.80000,1482.00000,3.07410,2.96553,34.52820,167.07000,34.40000,72.16800,2.29890,2251.70000,2339.33000,0.36170,0.17900
09AR20080322,20080414,1835,-44.72020,146.05100,1697.60000,1677.00000,2.66010,2.53980,34.60280,170.14000,33.59000,78.37600,2.27950,2258.59000,2346.21000,-9999.00000,-9999.00000
09AR20080322,20080414,1835,-44.72020,146.05100,1896.60000,1873.00000,2.42160,2.28755,34.65980,170.39000,32.74000,82.74100,2.21160,2257.51000,2349.03000,0.11310,0.05480
09AR20080322,20080414,1835,-44.72020,146.05100,2101.20000,2074.00000,2.27830,2.12862,34.69930,174.21000,31.89000,86.03900,2.18250,2258.64000,2353.79000,0.06230,0.02870
09AR20080322,20080414,1835,-44.72020,146.05100,2299.90000,2269.00000,2.13520,1.97026,34.71800,175.68000,31.58000,92.63500,2.20190,2264.17000,2358.92000,0.04040,0.01660
09AR20080322,20080414,1835,-44.72020,146.05100,2600.30000,2563.00000,1.98420,1.79463,34.73040,178.85000,31.28000,97.48500,2.18250,2266.57000,2366.05000,0.01080,0.00240
09AR20080322,20080414,1835,-44.72020,146.05100,2900.00000,2857.00000,1.79050,1.57662,34.73390,182.59000,31.19000,103.69300,2.20190,2268.77000,2371.02000,0.00510,0.00070
09AR20080322,20080414,1835,-44.72020,146.05100,3216.80000,3167.00000,1.52500,1.28633,34.73130,189.62000,31.72000,110.38600,2.19220,2271.24000,2375.58000,-9999.00000,-9999.00000
09AR20080322,20080414,1835,-44.72020,146.05100,3265.00000,3214.00000,1.46480,1.22279,34.73130,190.44000,32.24000,112.03500,2.18250,2272.80000,2375.80000,-9999.00000,-9999.00000
09AR20080322,20080415,0033,-44.37920,146.19200,6.00000,6.00000,13.57000,13.56920,34.96440,255.06000,4.01000,1.16400,0.40740,2069.58000,2310.04000,2.83770,1.70630
09AR20080322,20080415,0033,-44.37920,146.19200,49.70000,49.00000,13.33150,13.32460,34.94100,255.79000,-9999.00000,-9999.00000,-9999.00000,-9999.00000,-9999.00000,-9999.00000,-9999.00000
09AR20080322,20080415,0033,-44.37920,146.19200,49.60000,49.00000,13.32950,13.32260,34.94100,255.79000,-9999.00000,-9999.00000,-9999.00000,-9999.00000,-9999.00000,-9999.00000,-9999.00000
09AR20080322,20080415,0033,-44.37920,146.19200,49.40000,49.00000,13.29100,13.28410,34.93660,256.35000,4.27000,1.16400,0.42680,2073.77000,2308.28000,2.81560,1.71640
09AR20080322,20080415,0033,-44.37920,146.19200,80.50000,80.00000,13.19610,13.18500,34.95380,252.04000,4.87000,1.26100,0.46560,2073.87000,2307.54000,2.88230,1.72150
09AR20080322,20080415,0033,-44.37920,146.19200,118.40000,117.00000,12.39730,12.38160,35.00040,237.72000,8.66000,2.03700,0.64990,2102.65000,2306.28000,2.95220,1.76670
09AR20080322,20080415,0033,-44.37920,146.19200,149.70000,148.00000,11.71880,11.69960,34.99450,237.42000,10.72000,2.61900,0.75660,2109.78000,2303.21000,3.09520,1.79850
09AR20080322,20080415,0033,-44.37920,146.19200,200.20000,198.00000,10.86430,10.83980,34.90810,245.54000,12.28000,3.10400,0.83420,2108.53000,2298.89000,3.16880,1.85570
09AR20080322,20080415,0033,-44.37920,146.19200,300.90000,298.00000,9.53810,9.50414,34.69220,250.83000,15.16000,3.97700,1.00880,2119.16000,2293.54000,3.35280,1.94250
09AR20080322,20080415,0033,-44.37920,146.19200,399.30000,396.00000,9.31130,9.26668,34.65920,249.35000,15.89000,4.46200,1.04760,2121.04000,2289.68000,3.39090,1.94220
09AR20080322,20080415,0033,-44.37920,146.19200,500.60000,496.00000,8.97990,8.92490,34.62520,244.43000,17.28000,5.33500,1.14460,2125.23000,2288.40000,3.31090,1.90300
09AR20080322,20080415,0033,-44.37920,146.19200,600.60000,595.00000,8.72970,8.66446,34.60200,239.24000,18.30000,6.20800,1.21250,2130.80000,2288.14000,3.27920,1.82840
09AR20080322,20080415,0033,-44.37920,146.19200,700.40000,694.00000,8.35390,8.27936,34.55980,229.54000,20.05000,8.14800,1.31920,2137.35000,2286.66000,2.98570,1.66110
09AR20080322,20080415,0033,-44.37920,146.19200,797.90000,790.00000,7.95330,7.87028,34.52640,217.87000,22.17000,10.37900,1.44530,2145.48000,2286.24000,2.66110,1.43880
09AR20080322,20080415,0033,-44.37920,146.19200,899.90000,891.00000,6.88170,6.79466,34.47990,202.03000,25.79000,18.91500,1.66840,2169.16000,2289.94000,1.79650,0.96670
09AR20080322,20080415,0033,-44.37920,146.19200,1000.60000,990.00000,4.74890,4.66757,34.42380,186.33000,29.07000,30.36100,1.87210,2188.76000,2300.02000,1.39990,0.72570
09AR20080322,20080415,0033,-44.37920,146.19200,1099.00000,1087.00000,4.22710,4.14134,34.43410,182.54000,32.11000,48.88800,2.13400,2219.51000,2314.02000,0.88560,0.44280
09AR20080322,20080415,0033,-44.37920,146.19200,1299.80000,1285.00000,3.40080,3.30553,34.48340,171.65000,33.48000,62.56500,2.27950,2238.50000,2327.24000,0.53490,0.26560
09AR20080322,20080415,0033,-44.37920,146.19200,1498.40000,1481.00000,2.97270,2.86537,34.54510,165.25000,33.88000,72.75000,2.33770,2254.94000,2337.41000,0.29670,0.15140
09AR20080322,20080415,0033,-44.37920,146.19200,1695.70000,1675.00000,2.62090,2.50125,34.60600,168.15000,33.47000,76.43600,2.28920,2255.42000,2341.28000,0.21530,0.10660
09AR20080322,20080415,0033,-44.37920,146.19200,1900.00000,1876.00000,2.39670,2.26268,34.67120,170.00000,32.78000,83.61400,2.26980,2260.03000,2349.75000,0.07030,0.03430
09AR20080322,20080415,0033,-44.37920,146.19200,2097.10000,2070.00000,2.25640,2.10742,34.70110,175.30000,32.09000,87.59100,2.23100,2262.11000,2355.30000,0.04180,0.01680
09AR20080322,20080415,0033,-44.37920,146.19200,2306.50000,2275.00000,2.08220,1.91756,34.72470,181.64000,31.61000,93.99300,2.22130,2258.60000,2362.24000,0.02860,0.01260
09AR20080322,20080415,0033,-44.37920,146.19200,2344.30000,2312.00000,2.03430,1.86712,34.72620,182.42000,31.75000,95.64200,2.23100,2264.90000,2361.55000,0.01150,0.00340
09AR20080322,20080415,0429,-44.11820,146.22300,9.00000,9.00000,13.56980,13.56850,34.96450,257.65000,3.83955,1.06700,0.41705,-9999.00000,2312.20000,-9999.00000,-9999.00000
09AR20080322,20080415,0429,-44.11820,146.22300,8.90000,9.00000,13.57130,13.57000,34.96430,-9999.00000,-9999.00000,-9999.00000,-9999.00000,-9999.00000,-9999.00000,-9999.00000,-9999.00000
09AR20080322,20080415,0429,-44.11820,146.22300,8.80000,9.00000,13.56960,13.56840,34.96430,-9999.00000,-9999.00000,-9999.00000,-9999.00000,-9999.00000,-9999.00000,-9999.00000,-9999.00000
09AR20080322,20080415,0429,-44.11820,146.22300,8.90000,9.00000,13.56080,13.55950,34.96500,254.79000,3.84000,1.06700,0.41710,-9999.00000,-9999.00000,2.83200,1.70590
09AR20080322,20080415,0429,-44.11820,146.22300,30.10000,30.00000,13.54740,13.54320,34.96600,255.60000,3.88954,1.06700,0.41708,-9999.00000,-9999.00000,-9999.00000,-9999.00000
09AR20080322,20080415,0429,-44.11820,146.22300,30.20000,30.00000,13.55050,13.54630,34.96730,254.97000,3.89000,1.06700,0.41710,-9999.00000,-9999.00000,-9999.00000,-9999.00000
09AR20080322,20080415,0429,-44.11820,146.22300,49.60000,49.00000,13.42260,13.41570,34.98970,252.04000,-9999.00000,-9999.00000,-9999.00000,-9999.00000,-9999.00000,-9999.00000,-9999.00000
09AR20080322,20080415,0429,-44.11820,146.22300,49.50000,49.00000,13.42240,13.41550,34.98820,251.87000,4.20000,1.06700,0.43650,2076.00000,2313.04000,2.85550,1.70570
09AR20080322,20080415,0429,-44.11820,146.22300,80.50000,80.00000,12.84860,12.83770,34.92800,248.18000,-9999.00000,-9999.00000,-9999.00000,-9999.00000,-9999.00000,-9999.00000,-9999.00000
09AR20080322,20080415,0429,-44.11820,146.22300,80.50000,80.00000,12.84610,12.83520,34.91400,245.41000,6.91000,1.45500,0.59170,2085.32000,2307.10000,-9999.00000,-9999.00000
09AR20080322,20080415,0429,-44.11820,146.22300,99.70000,99.00000,12.54260,12.52930,34.99270,239.47000,8.39400,1.84141,0.64004,-9999.00000,-9999.00000,-9999.00000,-9999.00000
09AR20080322,20080415,0429,-44.11820,146.22300,99.80000,99.00000,12.53560,12.52230,34.99860,239.24000,8.40000,1.84300,0.64020,2098.23000,2309.49000,2.95890,1.76190
09AR20080322,20080415,0429,-44.11820,146.22300,150.10000,149.00000,11.66720,11.64800,35.05450,241.45000,9.75000,2.42500,0.70810,2109.78000,2310.70000,3.06980,1.79830
09AR20080322,20080415,0429,-44.11820,146.22300,200.00000,198.00000,11.37980,11.35460,35.01380,246.02000,10.12000,2.61900,0.73720,2112.49000,2309.07000,3.08950,1.81700
09AR20080322,20080415,0429,-44.11820,146.22300,250.90000,249.00000,10.96920,10.93830,34.94020,247.32000,11.23000,2.91000,0.79540,-9999.00000,-9999.00000,-9999.00000,-9999.00000
09AR20080322,20080415,0429,-44.11820,146.22300,300.60000,298.00000,10.35840,10.32260,34.82700,251.93000,-9999.00000,-9999.00000,-9999.00000,-9999.00000,2310.11000,-9999.00000,-9999.00000
09AR20080322,20080415,0429,-44.11820,146.22300,375.30000,372.00000,9.44320,9.40095,34.66980,253.40000,14.86000,3.97700,1.00880,-9999.00000,-9999.00000,-9999.00000,-9999.00000
09AR20080322,20080415,0429,-44.11820,146.22300,500.20000,496.00000,9.22060,9.16474,34.65390,246.39000,16.18000,4.75300,1.09610,2121.43000,2292.23000,3.33870,1.91160
09AR20080322,20080415,0429,-44.11820,146.22300,600.20000,595.00000,8.95080,8.88461,34.62400,243.30000,17.20000,5.62600,1.15430,-9999.00000,-9999.00000,-9999.00000,-9999.00000
09AR20080322,20080415,0429,-44.11820,146.22300,699.60000,693.00000,8.42520,8.35038,34.56250,234.67000,19.98000,7.37200,1.29980,2136.39000,2290.79000,3.15130,1.75210
09AR20080322,20080415,0429,-44.11820,146.22300,799.90000,792.00000,7.52930,7.44860,34.49070,212.96000,23.94000,12.61000,1.53260,-9999.00000,-9999.00000,-9999.00000,-9999.00000
09AR20080322,20080415,0429,-44.11820,146.22300,902.00000,893.00000,6.41720,6.33311,34.45060,197.58000,27.34000,21.82500,1.77510,2184.04000,2294.13000,1.60760,0.84780
09AR20080322,20080415,0429,-44.11820,146.22300,984.00000,974.00000,5.63060,5.54415,34.42590,193.40000,29.11000,29.00300,1.89150,-9999.00000,-9999.00000,-9999.00000,-9999.00000
09AR20080322,20080415,0429,-44.11820,146.22300,1037.00000,1026.00000,5.41490,5.32509,34.42790,192.74000,29.80000,30.74900,1.91090,2188.26000,2302.93000,1.31080,0.67120
09AR20080322,20080415,0743,-44.04830,146.29200,3.60000,4.00000,13.95170,13.95120,35.00220,252.54000,3.32000,0.97000,0.37830,2071.67000,2311.38000,2.77880,1.68390
09AR20080322,20080415,0743,-44.04830,146.29200,3.50000,3.00000,13.94990,13.94940,35.00430,249.88000,-9999.00000,-9999.00000,-9999.00000,-9999.00000,-9999.00000,-9999.00000,-9999.00000
09AR20080322,20080415,0743,-44.04830,146.29200,3.60000,4.00000,13.94540,13.94490,35.00350,249.88000,-9999.00000,-9999.00000,-9999.00000,-9999.00000,-9999.00000,-9999.00000,-9999.00000
09AR20080322,20080415,0743,-44.04830,146.29200,3.40000,3.00000,13.94150,13.94100,35.00280,249.88000,-9999.00000,-9999.00000,-9999.00000,-9999.00000,-9999.00000,-9999.00000,-9999.00000
09AR20080322,20080415,0743,-44.04830,146.29200,29.30000,29.00000,13.64640,13.64230,34.94670,250.67000,4.31000,1.06700,0.44620,2074.57000,2308.10000,-9999.00000,-9999.00000
09AR20080322,20080415,0743,-44.04830,146.29200,33.10000,33.00000,13.45570,13.45110,34.92820,248.46000,4.46909,1.06561,0.46016,-9999.00000,-9999.00000,-9999.00000,-9999.00000
09AR20080322,20080415,0743,-44.04830,146.29200,39.00000,39.00000,13.41570,13.41030,34.92390,248.03000,4.75000,1.06700,0.48500,2076.88000,2308.29000,-9999.00000,-9999.00000
09AR20080322,20080415,0743,-44.04830,146.29200,59.30000,59.00000,12.94310,12.93500,34.91440,246.74000,-9999.00000,-9999.00000,-9999.00000,-9999.00000,-9999.00000,-9999.00000,-9999.00000
09AR20080322,20080415,0743,-44.04830,146.29200,59.20000,59.00000,12.95020,12.94210,34.91380,245.77000,6.58000,1.35800,0.59170,2086.61000,2305.24000,2.92470,1.74610
09AR20080322,20080415,0743,-44.04830,146.29200,90.20000,89.00000,12.63260,12.62050,34.99280,239.82000,-9999.00000,-9999.00000,-9999.00000,-9999.00000,-9999.00000,-9999.00000,-9999.00000
09AR20080322,20080415,0743,-44.04830,146.29200,90.20000,89.00000,12.66160,12.64950,34.97340,240.04000,7.84000,1.64900,0.64020,2091.84000,2307.36000,-9999.00000,-9999.00000
09AR20080322,20080415,0743,-44.04830,146.29200,119.50000,119.00000,12.05910,12.04350,35.08520,235.91000,8.88328,2.13487,0.69860,-9999.00000,-9999.00000,-9999.00000,-9999.00000
09AR20080322,20080415,0743,-44.04830,146.29200,119.40000,118.00000,12.07180,12.05620,35.08660,237.21000,8.88000,2.13400,0.69840,2111.86000,2312.62000,3.02950,1.78340
09AR20080322,20080415,0743,-44.04830,146.29200,150.50000,149.00000,11.77590,11.75650,35.04430,237.22000,9.73810,2.32755,0.76611,-9999.00000,-9999.00000,-9999.00000,-9999.00000
09AR20080322,20080415,0743,-44.04830,146.29200,150.60000,149.00000,11.76720,11.74780,35.04150,238.46000,9.74000,2.32800,0.76630,2112.43000,2307.51000,-9999.00000,-9999.00000
09AR20080322,20080415,0743,-44.04830,146.29200,199.30000,198.00000,11.39460,11.36950,34.99830,243.24000,-9999.00000,2.52141,0.76618,-9999.00000,-9999.00000,-9999.00000,-9999.00000
09AR20080322,20080415,0743,-44.04830,146.29200,199.40000,198.00000,11.40010,11.37490,34.99900,241.37000,-9999.00000,2.52200,0.76630,2114.30000,2304.75000,3.11820,1.82240
09AR20080322,20080415,0743,-44.04830,146.29200,299.70000,297.00000,10.35310,10.31740,34.81950,247.26000,-9999.00000,-9999.00000,-9999.00000,-9999.00000,-9999.00000,-9999.00000,-9999.00000
09AR20080322,20080415,0743,-44.04830,146.29200,299.60000,297.00000,10.35110,10.31550,34.81650,248.05000,12.42000,3.20100,0.91180,2116.08000,2295.80000,3.22020,1.89890
09AR20080322,20080415,0743,-44.04830,146.29200,400.80000,397.00000,9.64700,9.60120,34.70530,249.92000,14.14830,3.78244,1.00873,-9999.00000,-9999.00000,-9999.00000,-9999.00000
09AR20080322,20080415,0743,-44.04830,146.29200,400.90000,397.00000,9.65500,9.60917,34.70580,250.53000,14.15000,3.78300,1.00880,2117.76000,2290.97000,3.34270,1.93730
09AR20080322,20080415,0743,-44.04830,146.29200,499.80000,495.00000,9.42560,9.36902,34.67460,249.16000,15.08850,4.17045,1.03783,-9999.00000,-9999.00000,-9999.00000,-9999.00000
09AR20080322,20080415,0743,-44.04830,146.29200,499.90000,495.00000,9.42300,9.36642,34.67400,249.40000,15.09000,4.17100,1.03790,2120.38000,2290.21000,-9999.00000,-9999.00000
09AR20080322,20080415,0743,-44.04830,146.29200,550.90000,546.00000,9.15750,9.09607,34.64880,244.52000,16.40000,5.04400,1.10580,-9999.00000,-9999.00000,3.34120,1.88250
09AR20080322,20080415,0931,-43.99870,146.32200,6.50000,6.00000,13.86080,13.85990,34.99310,252.63000,3.57000,0.97000,0.39770,2073.51000,2312.08000,2.79800,1.68150
09AR20080322,20080415,0931,-43.99870,146.32200,6.40000,6.00000,13.86120,13.86030,34.99390,252.55000,-9999.00000,-9999.00000,-9999.00000,-9999.00000,-9999.00000,-9999.00000,-9999.00000
09AR20080322,20080415,0931,-43.99870,146.32200,6.50000,6.00000,13.85930,13.85840,34.99360,252.55000,3.57000,0.97000,0.39770,-9999.00000,-9999.00000,-9999.00000,-9999.00000
09AR20080322,20080415,0931,-43.99870,146.32200,6.40000,6.00000,13.86270,13.86180,34.99420,252.55000,-9999.00000,-9999.00000,-9999.00000,-9999.00000,-9999.00000,-9999.00000,-9999.00000
09AR20080322,20080415,0931,-43.99870,146.32200,14.40000,14.00000,13.86680,13.86470,34.99470,252.66000,3.55332,0.97000,0.39997,-9999.00000,-9999.00000,-9999.00000,-9999.00000
09AR20080322,20080415,0931,-43.99870,146.32200,14.40000,14.00000,13.86150,13.85940,34.99360,252.66000,3.55332,0.97000,0.39997,-9999.00000,-9999.00000,-9999.00000,-9999.00000
09AR20080322,20080415,0931,-43.99870,146.32200,29.60000,29.00000,13.86150,13.85730,34.99330,252.15000,3.60000,0.97000,0.40740,2074.54000,2313.56000,2.80840,1.68020
09AR20080322,20080415,0931,-43.99870,146.32200,29.50000,29.00000,13.86600,13.86180,34.99400,252.78000,3.59966,0.97000,0.40735,-9999.00000,-9999.00000,-9999.00000,-9999.00000
09AR20080322,20080415,0931,-43.99870,146.32200,49.80000,49.00000,13.62670,13.61970,34.94690,252.54000,3.90000,0.97000,0.42680,2073.85000,2311.55000,2.80500,1.70100
09AR20080322,20080415,0931,-43.99870,146.32200,49.70000,49.00000,13.56760,13.56060,34.93720,246.24000,3.89276,0.97000,0.42654,-9999.00000,-9999.00000,-9999.00000,-9999.00000
09AR20080322,20080415,0931,-43.99870,146.32200,74.80000,74.00000,13.19650,13.18610,35.06500,235.77000,-9999.00000,-9999.00000,-9999.00000,-9999.00000,-9999.00000,-9999.00000,-9999.00000
09AR20080322,20080415,0931,-43.99870,146.32200,75.20000,75.00000,13.20510,13.19470,35.06420,235.29000,-9999.00000,-9999.00000,-9999.00000,-9999.00000,-9999.00000,-9999.00000,-9999.00000
09AR20080322,20080415,0931,-43.99870,146.32200,100.80000,100.00000,12.64950,12.63590,35.05830,232.80000,8.39000,1.94000,0.66930,2108.28000,2310.46000,2.89410,1.75140
09AR20080322,20080415,0931,-43.99870,146.32200,100.80000,100.00000,12.60560,12.59210,35.06120,232.19000,8.39000,1.94000,0.66930,-9999.00000,-9999.00000,-9999.00000,-9999.00000
09AR20080322,20080415,0931,-43.99870,146.32200,119.80000,119.00000,12.21910,12.20330,35.05880,234.52000,10.13000,2.13400,0.74690,-9999.00000,-9999.00000,-9999.00000,-9999.00000
09AR20080322,20080415,0931,-43.99870,146.32200,120.00000,119.00000,12.21760,12.20180,35.05870,234.62000,10.14290,2.13481,0.74735,-9999.00000,-9999.00000,-9999.00000,-9999.00000
09AR20080322,20080415,0931,-43.99870,146.32200,160.20000,159.00000,11.94710,11.92630,35.04530,236.38000,9.46000,2.23100,0.72750,2112.39000,2307.64000,3.02490,1.80040
09AR20080322,20080415,0931,-43.99870,146.32200,160.20000,159.00000,11.94830,11.92750,35.04760,236.28000,9.46000,2.23100,0.72750,-9999.00000,-9999.00000,-9999.00000,-9999.00000
09AR20080322,20080415,0931,-43.99870,146.32200,179.80000,178.00000,11.85520,11.83190,35.05660,238.97000,9.35000,2.23100,0.69840,-9999.00000,-9999.00000,-9999.00000,-9999.00000
09AR20080322,20080415,0931,-43.99870,146.32200,179.70000,178.00000,11.85640,11.83310,35.05690,238.97000,9.35017,2.23100,0.69848,-9999.00000,-9999.00000,-9999.00000,-9999.00000
09AR20080322,20080415,0931,-43.99870,146.32200,179.90000,178.00000,11.85600,11.83270,35.05700,238.97000,9.34984,2.23100,0.69832,-9999.00000,-9999.00000,-9999.00000,-9999.00000
09AR20080322,20080415,0931,-43.99870,146.32200,179.90000,178.00000,11.85460,11.83130,35.05690,238.97000,9.34984,2.23100,0.69832,-9999.00000,-9999.00000,-9999.00000,-9999.00000
09AR20080322,20080415,0931,-43.99870,146.32200,179.80000,178.00000,11.85380,11.83050,35.05450,238.69000,9.35000,2.23100,0.69840,2111.83000,2310.87000,-9999.00000,-9999.00000
09AR20080322,20080415,0931,-43.99870,146.32200,213.80000,212.00000,11.78410,11.75650,35.05810,239.42000,9.37000,2.23100,0.71780,2112.65000,2310.12000,3.03140,1.80510
